1;-1.06913e+06;-1.14633e+06;-1.01885e+06;-1.06913e+06
2;-1.06748e+06;-1.11675e+06;-1.08424e+06;-1.06748e+06
3;-1.03977e+06;-1.06748e+06;-1.06393e+06;-1.03977e+06
4;-1.02043e+06;-1.15577e+06;-1.05862e+06;-1.02043e+06
5;-1.01262e+06;-1.12513e+06;-1.03576e+06;-1.01262e+06
6;-999950;-1.09255e+06;-1.02822e+06;-999950
7;-999950;-1.07773e+06;-1.0247e+06;-1.0001e+06
8;-976799;-1.06862e+06;-1.01953e+06;-976799
9;-953032;-1.07178e+06;-1.00438e+06;-953032
10;-953032;-1.11311e+06;-981560;-970982
11;-953032;-1.03849e+06;-979819;-970307
12;-943228;-1.06234e+06;-964776;-943228
13;-937322;-1.03642e+06;-964035;-937322
14;-931055;-1.02675e+06;-949615;-931055
15;-931055;-1.00582e+06;-953261;-936441
16;-928500;-1.03137e+06;-944839;-928500
17;-908356;-1.00428e+06;-935262;-908356
18;-904739;-1.02034e+06;-916712;-904739
19;-895007;-1.04193e+06;-904700;-895007
20;-891916;-964487;-914207;-891916
21;-889683;-962674;-903053;-889683
22;-889683;-944722;-910313;-894066
23;-860220;-977822;-894717;-860220
24;-860220;-937680;-891541;-861782
25;-854930;-939894;-890431;-854930
26;-851862;-914095;-887349;-851862
27;-851862;-907840;-875164;-852890
28;-849041;-923565;-863877;-849041
29;-849041;-968432;-864859;-850669
30;-841922;-896237;-862276;-841922
31;-841922;-907991;-859424;-844632
32;-815311;-857526;-836245;-815311
33;-806349;-870626;-830863;-806349
34;-790889;-929753;-834567;-790889
35;-790889;-912468;-820120;-814239
36;-790889;-922333;-813359;-811956
37;-788594;-830097;-807047;-788594
38;-788594;-825597;-812954;-801577
39;-788594;-868409;-797591;-794501
40;-788594;-844894;-805779;-790228
41;-788594;-871241;-795706;-790507
42;-788594;-825855;-806835;-794169
43;-786035;-860432;-806253;-786035
44;-786035;-832487;-794441;-786836
45;-776954;-861610;-787174;-776954
46;-776954;-818375;-785644;-783007
47;-764831;-831172;-788132;-764831
48;-764831;-814282;-777972;-771052
49;-763263;-854317;-780604;-763263
50;-752768;-910901;-763443;-752768
51;-752768;-821085;-774797;-752768
52;-752768;-849679;-773560;-754391
53;-744375;-863109;-764536;-744375
54;-744375;-826097;-766534;-751187
55;-744375;-814840;-755257;-755598
56;-743954;-808590;-750511;-743954
57;-733913;-805934;-753491;-733913
58;-733913;-786214;-752346;-739068
59;-733913;-842009;-743903;-744633
60;-733164;-808228;-743851;-733164
61;-729272;-795347;-745034;-729272
62;-718279;-792545;-745526;-718279
63;-716859;-802747;-736758;-716859
64;-708560;-796163;-738603;-708560
65;-708560;-785592;-728728;-720872
66;-708560;-783660;-738019;-712919
67;-708560;-760470;-731985;-711880
68;-708560;-796023;-727716;-716940
69;-701791;-784858;-729714;-701791
70;-701791;-783442;-725263;-701791
71;-699133;-807247;-716561;-699133
72;-699133;-773980;-722021;-700908
73;-686795;-806179;-715316;-686795
74;-686795;-821862;-713073;-686795
75;-683242;-789703;-705703;-683242
76;-683242;-791157;-706464;-687385
77;-683242;-780868;-704829;-687385
78;-680143;-760447;-694088;-680143
79;-670507;-711353;-704985;-670507
80;-667686;-714967;-695613;-667686
81;-667686;-714441;-686896;-676252
82;-667686;-725113;-685438;-676252
83;-667686;-739398;-694823;-672000
84;-667686;-710170;-688838;-671097
85;-664696;-709053;-684697;-664696
86;-664696;-771741;-679153;-664696
87;-664108;-725602;-674439;-664108
88;-659084;-733541;-676135;-659084
89;-659084;-712922;-677229;-659084
90;-659084;-714723;-669593;-665773
91;-659084;-756066;-669407;-659522
92;-659084;-709584;-669860;-659976
93;-646842;-737339;-666387;-646842
94;-646842;-718348;-654157;-646842
95;-646842;-713188;-658916;-656307
96;-646765;-701987;-654387;-646765
97;-646765;-711584;-647088;-648198
98;-640328;-714021;-655608;-640328
99;-640328;-680053;-636244;-645168
100;-640328;-702271;-639979;-648432
101;-640328;-670414;-650318;-643270
102;-640328;-677791;-642513;-641645
103;-640328;-654049;-632243;-641645
104;-640328;-659374;-640940;-640854
105;-619822;-683257;-637297;-619822
106;-619822;-708131;-627784;-630413
107;-617667;-661931;-637439;-617667
108;-614362;-671390;-635622;-614362
109;-614317;-677080;-629182;-614317
110;-612819;-669252;-627421;-612819
111;-612819;-672120;-613831;-630154
112;-612819;-710944;-630875;-623449
113;-612819;-690585;-626044;-618258
114;-612092;-671487;-626961;-612092
115;-612092;-682383;-625328;-620472
116;-605209;-662463;-624879;-605209
117;-602867;-644852;-615488;-602867
118;-602867;-656241;-626346;-605857
119;-602867;-713879;-625098;-604424
120;-602273;-649377;-635272;-602273
121;-602273;-663185;-631823;-603002
122;-602273;-660172;-618624;-602942
123;-602007;-665022;-625806;-602007
124;-602007;-633719;-622497;-602702
125;-602007;-642081;-613434;-602977
126;-594719;-634944;-612661;-594719
127;-594719;-677594;-618358;-597233
128;-592739;-639440;-624716;-592739
129;-592739;-639886;-621006;-604528
130;-592739;-659539;-608845;-595557
131;-592739;-619416;-608639;-595557
132;-592739;-665259;-604151;-594007
133;-592739;-657376;-613479;-595810
134;-589569;-716581;-615645;-589569
135;-589569;-652433;-605357;-594635
136;-589569;-653271;-601880;-595971
137;-583821;-677310;-610633;-583821
138;-580076;-671133;-599850;-580076
139;-572501;-639385;-597629;-572501
140;-572501;-638201;-598946;-580076
141;-572501;-641707;-607287;-580076
142;-572501;-661387;-604506;-596096
143;-572501;-640936;-609806;-576525
144;-572501;-639784;-604794;-577970
145;-572501;-605128;-605172;-583520
146;-570621;-633358;-595410;-570621
147;-570621;-635908;-602480;-580147
148;-570621;-684376;-602297;-573894
149;-570621;-623322;-597428;-571798
150;-570621;-617093;-586120;-583785
151;-570621;-636701;-591600;-578501
152;-570621;-648922;-590277;-581328
153;-570621;-643926;-594260;-574753
154;-570621;-629405;-594690;-573401
155;-567223;-624720;-596405;-567223
156;-567223;-642842;-595754;-575783
157;-567223;-673126;-585843;-568997
158;-567223;-651104;-583338;-568634
159;-567223;-590792;-587302;-575151
160;-567223;-593211;-583691;-574029
161;-567223;-614854;-589097;-574817
162;-567223;-604503;-579411;-576239
163;-560548;-651879;-587832;-560548
164;-559488;-641741;-588283;-559488
165;-559488;-615330;-590221;-562896
166;-559488;-633178;-588000;-562896
167;-558281;-627614;-584567;-558281
168;-558281;-611402;-589374;-562039
169;-558281;-638747;-588703;-562039
170;-558281;-608768;-582825;-562896
171;-547299;-643520;-593075;-547299
172;-547299;-597220;-582009;-550996
173;-547299;-555780;-586851;-548359
174;-532566;-597068;-586866;-532566
175;-532566;-590863;-574459;-555204
176;-532566;-664473;-588627;-555204
177;-532566;-609892;-580545;-550964
178;-532566;-651771;-563604;-553021
179;-532566;-593162;-575593;-556007
180;-532566;-607587;-571812;-550560
181;-532566;-590827;-573315;-547505
182;-532566;-601291;-566087;-551992
183;-532566;-597903;-570191;-549458
184;-532566;-627643;-565597;-551839
185;-532566;-608300;-575167;-542220
186;-532566;-630172;-567666;-555621
187;-532566;-607055;-567441;-554660
188;-532566;-589513;-559361;-553598
189;-532566;-648807;-564297;-552049
190;-532566;-613948;-564900;-548881
191;-532566;-606569;-559084;-540899
192;-532566;-615362;-557988;-541059
193;-532566;-578070;-564267;-551085
194;-532566;-579033;-560770;-543161
195;-532566;-697746;-564476;-544789
196;-532566;-589393;-564751;-544789
197;-532566;-610858;-562305;-539721
198;-532566;-575771;-558485;-544789
199;-532566;-561062;-560148;-549249
200;-532566;-621102;-565822;-544866
201;-532566;-605275;-557174;-539998
202;-532566;-616649;-553020;-547438
203;-532566;-573339;-557723;-544499
204;-532566;-641328;-557201;-546835
205;-532566;-567041;-563579;-539895
206;-532566;-586312;-561138;-542433
207;-530068;-620321;-550276;-530068
208;-513334;-578962;-556454;-513334
209;-513334;-618081;-565684;-538287
210;-513334;-605260;-555822;-533640
211;-513334;-567687;-556296;-533640
212;-513334;-607038;-547363;-527181
213;-513334;-612197;-542473;-523697
214;-513334;-632236;-552538;-520388
215;-513334;-614922;-546661;-523697
216;-513334;-568080;-547551;-522507
217;-513334;-565813;-545887;-523697
218;-513334;-567571;-551262;-519981
219;-513334;-555083;-536558;-516318
220;-513334;-591997;-531428;-517897
221;-492553;-573306;-527350;-492553
222;-492553;-563731;-523040;-513761
223;-492553;-556836;-526255;-517361
224;-492553;-622188;-526369;-514410
225;-492553;-597531;-520132;-515165
226;-492553;-570079;-529905;-503048
227;-492553;-607181;-517286;-503048
228;-492553;-559158;-522708;-503048
229;-492553;-581832;-524578;-499159
230;-492553;-545002;-519637;-503048
231;-492553;-559412;-516199;-503048
232;-492553;-559971;-512363;-500121
233;-492553;-534604;-514349;-504006
234;-492553;-546111;-522610;-499177
235;-492553;-598386;-518281;-496530
236;-492553;-532945;-516103;-502860
237;-475818;-544607;-507965;-475818
238;-475818;-528273;-508532;-497353
239;-475818;-574638;-516464;-502061
240;-475818;-536983;-506281;-483433
241;-475818;-503834;-507369;-494947
242;-475818;-535009;-511156;-490417
243;-475818;-543566;-505725;-484870
244;-475818;-555176;-497990;-487907
245;-475818;-585881;-508967;-490279
246;-475818;-554322;-501464;-488374
247;-475818;-518236;-503522;-484049
248;-475818;-538223;-502451;-482996
249;-475818;-530264;-510500;-484885
250;-475818;-539798;-506646;-484885
251;-475818;-534828;-503950;-481039
252;-475818;-517907;-502039;-489218
253;-475818;-537713;-500916;-487769
254;-475818;-524711;-498090;-479715
255;-475818;-525203;-496428;-488030
256;-475818;-538111;-496857;-485950
257;-475818;-561707;-494160;-487712
258;-475818;-543837;-499503;-479216
259;-475818;-574764;-499036;-482178
260;-475818;-527570;-496571;-485074
261;-475818;-507406;-506539;-479764
262;-475818;-514958;-498320;-480797
263;-475818;-510850;-494670;-478803
264;-475818;-514140;-488244;-483005
265;-468606;-543258;-488542;-468606
266;-468606;-521363;-489325;-468606
267;-468606;-566540;-497398;-468606
268;-462408;-507936;-485617;-462408
269;-462408;-519224;-492770;-462408
270;-462408;-515740;-482548;-462408
271;-461356;-472390;-484961;-461356
272;-461356;-511786;-487775;-465411
273;-461356;-524891;-483518;-465411
274;-449411;-504504;-481955;-449411
275;-449411;-536433;-478561;-449411
276;-449411;-580917;-491226;-449411
277;-449411;-512732;-490429;-450586
278;-449411;-534562;-473055;-458780
279;-449411;-530429;-480333;-450304
280;-449411;-523982;-484581;-450304
281;-449411;-495489;-477402;-453162
282;-449411;-478789;-474544;-453162
283;-430043;-528754;-481797;-430043
284;-430043;-473011;-479349;-430043
285;-430043;-496284;-482140;-462948
286;-430043;-616447;-481130;-459266
287;-430043;-485202;-478715;-457844
288;-430043;-497507;-484570;-454140
289;-430043;-503340;-476991;-452741
290;-430043;-512029;-480392;-459254
291;-430043;-518943;-476414;-460598
292;-430043;-493160;-466907;-450842
293;-430043;-513072;-469105;-450842
294;-430043;-506750;-475222;-451903
295;-430043;-507455;-470400;-451390
296;-430043;-531130;-469613;-449344
297;-430043;-488930;-463814;-449909
298;-430043;-518455;-469884;-450419
299;-430043;-477632;-468634;-441450
300;-430043;-481173;-462859;-448540
301;-430043;-484504;-466370;-450419
302;-430043;-469715;-462920;-441873
303;-430043;-500732;-464910;-433464
304;-430043;-474692;-457457;-431850
305;-430043;-454713;-457984;-441578
306;-430043;-501368;-453029;-445456
307;-430043;-482016;-448591;-444744
308;-427943;-482395;-455210;-427943
309;-427943;-555525;-446784;-432163
310;-427943;-456272;-453159;-433909
311;-427943;-477521;-453074;-430663
312;-427943;-475503;-450827;-430663
313;-427943;-479754;-449528;-430728
314;-424847;-462148;-449222;-424847
315;-424847;-488352;-444009;-430728
316;-424847;-490435;-451242;-430728
317;-424847;-493824;-446860;-429611
318;-424847;-460794;-445038;-431322
319;-424847;-451133;-447896;-430028
320;-424847;-492901;-447204;-426554
321;-424847;-486113;-446918;-426605
322;-424847;-466976;-440992;-428897
323;-420849;-449818;-443467;-420849
324;-420849;-486484;-442664;-420849
325;-420849;-492441;-447269;-429886
326;-420849;-484681;-445035;-420971
327;-420849;-456460;-440950;-429886
328;-420849;-491247;-450687;-429886
329;-420849;-445033;-438477;-426266
330;-420849;-467076;-442046;-426266
331;-420849;-464046;-444449;-427993
332;-420849;-447497;-442586;-424512
333;-420849;-447136;-438300;-425370
334;-420781;-528249;-439981;-420781
335;-420781;-507206;-434852;-420781
336;-420115;-470590;-438570;-420115
337;-419125;-442759;-433556;-419125
338;-419125;-458025;-440950;-420115
339;-416987;-435928;-437374;-416987
340;-416987;-483143;-429816;-416987
341;-412328;-474610;-437657;-412328
342;-412328;-478969;-436776;-412467
343;-409005;-447462;-440016;-409005
344;-409005;-432674;-436158;-416296
345;-409005;-457786;-436252;-414099
346;-409005;-466442;-438921;-414099
347;-393521;-467048;-432899;-393521
348;-393521;-482801;-435689;-393521
349;-393521;-509008;-429249;-401537
350;-393521;-482986;-431186;-401537
351;-393521;-458373;-435122;-400629
352;-393521;-525646;-424610;-402291
353;-393521;-451424;-419735;-402496
354;-393521;-456810;-411366;-399863
355;-393521;-475762;-424162;-402969
356;-388616;-505607;-427733;-388616
357;-388616;-420691;-414446;-393586
358;-388616;-465367;-420711;-393586
359;-388616;-438135;-415866;-393586
360;-388616;-482481;-419078;-402503
361;-388616;-448349;-422690;-401860
362;-388616;-437305;-424189;-401677
363;-388616;-427752;-410218;-395072
364;-388616;-420815;-415653;-401935
365;-388616;-448179;-413314;-393687
366;-388616;-460235;-417919;-389854
367;-388616;-469102;-415755;-400114
368;-388616;-497654;-418098;-399466
369;-388616;-485655;-419738;-396583
370;-388616;-439274;-424108;-393304
371;-388616;-475004;-416626;-395470
372;-372805;-454147;-417030;-372805
373;-372805;-428973;-415870;-372805
374;-372805;-417179;-411865;-378124
375;-372805;-453648;-414819;-378124
376;-372805;-429836;-408319;-385382
377;-372805;-433871;-413025;-397260
378;-372805;-428448;-413651;-387364
379;-372805;-462887;-410835;-397231
380;-372805;-436049;-410556;-396150
381;-372805;-423114;-409802;-390913
382;-372805;-452002;-410117;-389139
383;-372805;-428847;-412863;-387106
384;-372805;-435670;-411421;-383944
385;-372805;-397085;-412799;-385821
386;-372805;-438788;-414962;-382509
387;-372805;-440470;-408879;-382509
388;-372805;-470172;-416849;-381633
389;-372805;-415779;-412301;-381633
390;-372805;-452473;-409332;-383887
391;-372805;-463148;-405883;-383320
392;-372805;-419963;-406558;-383320
393;-372805;-419910;-407298;-382020
394;-372805;-473854;-409667;-385465
395;-372805;-447171;-407757;-388087
396;-372805;-421429;-397947;-388993
397;-372805;-472418;-400651;-388993
398;-372805;-486635;-405870;-392025
399;-372805;-462872;-403992;-391201
400;-372805;-420372;-402064;-394426
401;-372805;-426701;-405658;-388612
402;-372805;-438794;-410990;-395610
403;-372805;-440671;-406175;-389495
404;-372805;-422862;-412387;-392330
405;-372805;-424942;-406614;-392330
406;-372805;-473409;-406358;-392330
407;-372805;-463622;-403879;-393805
408;-372805;-425732;-408924;-393805
409;-372805;-439727;-405948;-379173
410;-372805;-439586;-415387;-393459
411;-372805;-425110;-406767;-393459
412;-372805;-488386;-403324;-393531
413;-372805;-421858;-418356;-386922
414;-372805;-441452;-408896;-381623
415;-372805;-428642;-407555;-385375
416;-372805;-475219;-421943;-377862
417;-372805;-430760;-417966;-386812
418;-372805;-444498;-410446;-387736
419;-372805;-426973;-407966;-390261
420;-372805;-442382;-408593;-388137
421;-372805;-448162;-412199;-386594
422;-372805;-431619;-409223;-390335
423;-372805;-440396;-413227;-388513
424;-372805;-435429;-407052;-385292
425;-372805;-456557;-410884;-388845
426;-372805;-439793;-407745;-386010
427;-372805;-416711;-405224;-388238
428;-372805;-486290;-410539;-388216
429;-372805;-404163;-405423;-385654
430;-372805;-443936;-401606;-386342
431;-372805;-425802;-398298;-388324
432;-372805;-436960;-398059;-387986
433;-372805;-407819;-405965;-386277
434;-372805;-412854;-395018;-383505
435;-372805;-419256;-400406;-383411
436;-365853;-422593;-397183;-365853
437;-365853;-400498;-401145;-385899
438;-365853;-439042;-403502;-387763
439;-365853;-427632;-400073;-384950
440;-365853;-418420;-402520;-390319
441;-365853;-460625;-395979;-390545
442;-365853;-436727;-401324;-383630
443;-365853;-415927;-399655;-383630
444;-365853;-407670;-399060;-383630
445;-365853;-425009;-399106;-385172
446;-365853;-414418;-404647;-388601
447;-365853;-409390;-399597;-388503
448;-365853;-428640;-398979;-388503
449;-365853;-416532;-399905;-383377
450;-365853;-459994;-396744;-384684
451;-365853;-440066;-400637;-385203
452;-365853;-448776;-403380;-385203
453;-365853;-412172;-395323;-385203
454;-365853;-435020;-398168;-375432
455;-365853;-451193;-395984;-375432
456;-365853;-453681;-402688;-375195
457;-365853;-441749;-399327;-377002
458;-365853;-406556;-399011;-376083
459;-365853;-408288;-393671;-379448
460;-365853;-440222;-402153;-380476
461;-365853;-415323;-402269;-380476
462;-365853;-412199;-391976;-380716
463;-365853;-463146;-393690;-371403
464;-365853;-457978;-392660;-374102
465;-365853;-399632;-398261;-375384
466;-365853;-384945;-389164;-377256
467;-365853;-405240;-392906;-375531
468;-365853;-415298;-395917;-375001
469;-365853;-421517;-387535;-374071
470;-363225;-413720;-389787;-363225
471;-363225;-422162;-385435;-363225
472;-363225;-427618;-388137;-363382
473;-363225;-424647;-391468;-363382
474;-363225;-431985;-387824;-363382
475;-361229;-447097;-392289;-361229
476;-361229;-446540;-384687;-361229
477;-359271;-454541;-386410;-359271
478;-359271;-411581;-386676;-361016
479;-359271;-396611;-378774;-361016
480;-355831;-413285;-380151;-355831
481;-355831;-405444;-383780;-359144
482;-355831;-397981;-390326;-359144
483;-355831;-393629;-382330;-361008
484;-355831;-414432;-384167;-361016
485;-355831;-409641;-385702;-360843
486;-355831;-443065;-378701;-360843
487;-355831;-430528;-382843;-369404
488;-355831;-393327;-387851;-363654
489;-355831;-398879;-389146;-362531
490;-355831;-385382;-388900;-363321
491;-355831;-449132;-384683;-363654
492;-355831;-395009;-381584;-361794
493;-355831;-424773;-387976;-357294
494;-355831;-414170;-390007;-358718
495;-355831;-446854;-389684;-363120
496;-355831;-375247;-383372;-362216
497;-355831;-429818;-380734;-365748
498;-354023;-394628;-384892;-354023
499;-354023;-394127;-385302;-354023
500;-352063;-409519;-383342;-352063
501;-352063;-396750;-379427;-352063
502;-351978;-386763;-379891;-351978
503;-351978;-406638;-390634;-351978
504;-351978;-441491;-393045;-355991
505;-351978;-409836;-380388;-360315
506;-351978;-403945;-384522;-352489
507;-351978;-375916;-384629;-360581
508;-351978;-394850;-390323;-365006
509;-351978;-401101;-383639;-362478
510;-351978;-463272;-388734;-362478
511;-351978;-405161;-385975;-360038
512;-351978;-410839;-392838;-369024
513;-351978;-392179;-386561;-369108
514;-351978;-395648;-386741;-368119
515;-351978;-390001;-389291;-369073
516;-351978;-384607;-384880;-370819
517;-351978;-378102;-386766;-355659
518;-351978;-432006;-387083;-366846
519;-351978;-402692;-387203;-368537
520;-351978;-410835;-392391;-370312
521;-351978;-408016;-388982;-368990
522;-351978;-391806;-390858;-372441
523;-351978;-410356;-391904;-358480
524;-351978;-471181;-394258;-358480
525;-351978;-410398;-392860;-359668
526;-351978;-461992;-396177;-359668
527;-351978;-429496;-395723;-361362
528;-351978;-402583;-390397;-363749
529;-351978;-420884;-396696;-369442
530;-351978;-429270;-396462;-361703
531;-351978;-415491;-394803;-371868
532;-351978;-388696;-396864;-373531
533;-351978;-470460;-389660;-357054
534;-351978;-428727;-395013;-357054
535;-351978;-400998;-395341;-357054
536;-351978;-438595;-397690;-357344
537;-351978;-439583;-395856;-368878
538;-351978;-408970;-397005;-368878
539;-351978;-426035;-392308;-364774
540;-351978;-399760;-396097;-360164
541;-351978;-412128;-389127;-355113
542;-351978;-443327;-399376;-360056
543;-351978;-400124;-390004;-360056
544;-351978;-377696;-384596;-358631
545;-351978;-419044;-386499;-360087
546;-351978;-402675;-381211;-360087
547;-351978;-378778;-384239;-358026
548;-351978;-410718;-382341;-363040
549;-351978;-406095;-375562;-358587
550;-346872;-399520;-384091;-346872
551;-346872;-381309;-376027;-361253
552;-346872;-399892;-378591;-349924
553;-346872;-405582;-378700;-349924
554;-346872;-431010;-376360;-349924
555;-346872;-425614;-379426;-349924
556;-346872;-375330;-381903;-349924
557;-346872;-415888;-376268;-361986
558;-346872;-409843;-385484;-348619
559;-346872;-416804;-379682;-351672
560;-346872;-431431;-383224;-351672
561;-346872;-401097;-377616;-351672
562;-346872;-414655;-377774;-351672
563;-346872;-409346;-380053;-351672
564;-346872;-399415;-384145;-352025
565;-346872;-413080;-378191;-353004
566;-341462;-399519;-380776;-341462
567;-341462;-387672;-381371;-352599
568;-341462;-380941;-384198;-351458
569;-341462;-402876;-378845;-357088
570;-341462;-415007;-383617;-357542
571;-341462;-433260;-377839;-342774
572;-341462;-374961;-382403;-342774
573;-341462;-402650;-379448;-342774
574;-341462;-413640;-375744;-361045
575;-341462;-395622;-373308;-361356
576;-341462;-424674;-378511;-357950
577;-341462;-398037;-377039;-360883
578;-341462;-398758;-376664;-354912
579;-341462;-423998;-377386;-355062
580;-341462;-424958;-382099;-355062
581;-339279;-395479;-374627;-339279
582;-339279;-380129;-372004;-354445
583;-339279;-391698;-374716;-350164
584;-339279;-380138;-371889;-347326
585;-339279;-401207;-369888;-347326
586;-339279;-377450;-371888;-351365
587;-339279;-413974;-373572;-345596
588;-339279;-386973;-376901;-352352
589;-339279;-401470;-376081;-352188
590;-339279;-401137;-375124;-352188
591;-339279;-391415;-377716;-347208
592;-339279;-398380;-375047;-346294
593;-339279;-403965;-375390;-348550
594;-339279;-383889;-374744;-355321
595;-339279;-381730;-368715;-355070
596;-339279;-370811;-368662;-355070
597;-339279;-398775;-377172;-355070
598;-339279;-393902;-377508;-348552
599;-339279;-398154;-372665;-348552
600;-339279;-402707;-368150;-349824
601;-339279;-399547;-372147;-351608
602;-339279;-411104;-373915;-351485
603;-339279;-426241;-375171;-354057
604;-339279;-370373;-367892;-354141
605;-339279;-381361;-372979;-343381
606;-339279;-407249;-370438;-344722
607;-339279;-377012;-375218;-344722
608;-332981;-376218;-366109;-332981
609;-332981;-400608;-366189;-347452
610;-332981;-390230;-369393;-341119
611;-332981;-368771;-369118;-347452
612;-332981;-381195;-366835;-340190
613;-332981;-379511;-369460;-337567
614;-332981;-372595;-368140;-337527
615;-332981;-378773;-363794;-337489
616;-332981;-380999;-362616;-343321
617;-332981;-388443;-362436;-343045
618;-332981;-425479;-360242;-334044
619;-332981;-376755;-365784;-333166
620;-332981;-407980;-361877;-335276
621;-332981;-414227;-358607;-336758
622;-332981;-388705;-361026;-334254
623;-332981;-371667;-365604;-336004
624;-332981;-402643;-367632;-334806
625;-327789;-383818;-360042;-327789
626;-327789;-410946;-362030;-327789
627;-324784;-363223;-361017;-324784
628;-324784;-392790;-363967;-324825
629;-324784;-375333;-356176;-326913
630;-324784;-376193;-355548;-326913
631;-324784;-395012;-350502;-327789
632;-324784;-376742;-354691;-325069
633;-324784;-392485;-351354;-326683
634;-323703;-383385;-346300;-323703
635;-323703;-366277;-345686;-325185
636;-323703;-374099;-342587;-325185
637;-323703;-338248;-343176;-325137
638;-314994;-369878;-343423;-314994
639;-314994;-345346;-335652;-318655
640;-312574;-338953;-340704;-312574
641;-312574;-361470;-335438;-316225
642;-312574;-392543;-337582;-315006
643;-312574;-357468;-336557;-316225
644;-312574;-353423;-340461;-318315
645;-312574;-401379;-337329;-318315
646;-312574;-383065;-336861;-318315
647;-312574;-336300;-333480;-316767
648;-312574;-373906;-335274;-317110
649;-312574;-342610;-334278;-318890
650;-312574;-324085;-336069;-315322
651;-312574;-342610;-336684;-315322
652;-312574;-337408;-329465;-313375
653;-312574;-370588;-333628;-316694
654;-305086;-362223;-331970;-305086
655;-305086;-363669;-337166;-305086
656;-305086;-349418;-327087;-318935
657;-305086;-354665;-333431;-314071
658;-305086;-339560;-336130;-310575
659;-305086;-327381;-334014;-310395
660;-305086;-371913;-330927;-319722
661;-305086;-388491;-330427;-319722
662;-305086;-350093;-337480;-315671
663;-305086;-354973;-331835;-318460
664;-305086;-355072;-336483;-320598
665;-305086;-335731;-335992;-319371
666;-305086;-328124;-331976;-318179
667;-305086;-380884;-335138;-316372
668;-305086;-372606;-337922;-316372
669;-305086;-362964;-332377;-320197
670;-305086;-378102;-340855;-320355
671;-305086;-408238;-335310;-320141
672;-305086;-357645;-333661;-316659
673;-305086;-369979;-338486;-316224
674;-305086;-343692;-334618;-322761
675;-305086;-398334;-340573;-322917
676;-305086;-373164;-339833;-315606
677;-305086;-343452;-341176;-316091
678;-305086;-367611;-339488;-308576
679;-305086;-393194;-334602;-308576
680;-305086;-349022;-339257;-309460
681;-305086;-313702;-338560;-309460
682;-305086;-358551;-338747;-312750
683;-305086;-387414;-337706;-311838
684;-305086;-344225;-339457;-310529
685;-305086;-332712;-332957;-305191
686;-305086;-325061;-339107;-308434
687;-305086;-371576;-337544;-306574
688;-305086;-332997;-336726;-305753
689;-305086;-348791;-339259;-305753
690;-304969;-352003;-337933;-304969
691;-304969;-335816;-337883;-304969
692;-304969;-333804;-331643;-304969
693;-303199;-348240;-334729;-303199
694;-303199;-407602;-339145;-304206
695;-303199;-396432;-338860;-303947
696;-300446;-357286;-336295;-300446
697;-300446;-438164;-334848;-300919
698;-300446;-381346;-334221;-300919
699;-300446;-337583;-333550;-300919
700;-296817;-336742;-334348;-296817
701;-296817;-349346;-333138;-300919
702;-296817;-360761;-329183;-300487
703;-296817;-331102;-331643;-301969
704;-296817;-383729;-331286;-306163
705;-296817;-337961;-330601;-300802
706;-296817;-339938;-324299;-302547
707;-296817;-381120;-332069;-309998
708;-296817;-332366;-330331;-311305
709;-296817;-332582;-325838;-304259
710;-296817;-359856;-327573;-304259
711;-296817;-335736;-328209;-304259
712;-296817;-334431;-320017;-303298
713;-296817;-351358;-321520;-304259
714;-296817;-342785;-322092;-297073
715;-295720;-344631;-328906;-295720
716;-295720;-344784;-322847;-299391
717;-295720;-381468;-328301;-301241
718;-295720;-330041;-331158;-301203
719;-295720;-348080;-328113;-300570
720;-295720;-330989;-324139;-299245
721;-295720;-347094;-322623;-301203
722;-295720;-332589;-324543;-304550
723;-295720;-317469;-323786;-304550
724;-295720;-335594;-320249;-303172
725;-295720;-331639;-321621;-305251
726;-295720;-356385;-322313;-305669
727;-295720;-330628;-323750;-306992
728;-295720;-327163;-322935;-306479
729;-295720;-333630;-316604;-299075
730;-295720;-371927;-321130;-299075
731;-282593;-316478;-317107;-282593
732;-282593;-341187;-318365;-303095
733;-282593;-332550;-313461;-297463
734;-282593;-357225;-321689;-300284
735;-282593;-323573;-319342;-299978
736;-282593;-343603;-318270;-299978
737;-282593;-329650;-323736;-299463
738;-282593;-340209;-319599;-298404
739;-282593;-350681;-317322;-305666
740;-282593;-338758;-318206;-301553
741;-282593;-332098;-320130;-300846
742;-282593;-339594;-312837;-301553
743;-282593;-319434;-314772;-290018
744;-282593;-329412;-314871;-290018
745;-282593;-332063;-317639;-290018
746;-282593;-332334;-308803;-289327
747;-282593;-338704;-310756;-285055
748;-281299;-348746;-316580;-281299
749;-279976;-336835;-316923;-279976
750;-279976;-326413;-317019;-285642
751;-279976;-329149;-312387;-285605
752;-279976;-335389;-316615;-290915
753;-279976;-359671;-316917;-282431
754;-279976;-335855;-311478;-298008
755;-279976;-339077;-313731;-294875
756;-279976;-342764;-315370;-294128
757;-279976;-333017;-318861;-294776
758;-279976;-322975;-314982;-293442
759;-279976;-332984;-318544;-289968
760;-279976;-339893;-316038;-285146
761;-279976;-316303;-312993;-295681
762;-279976;-312731;-316443;-291879
763;-279976;-326194;-317102;-291848
764;-279976;-317078;-315334;-292644
765;-279976;-380337;-320708;-292644
766;-279976;-336976;-316330;-289747
767;-279976;-357191;-322239;-287434
768;-279976;-336220;-317695;-287434
769;-279976;-331976;-319713;-287146
770;-279976;-370638;-318676;-289215
771;-279976;-352309;-316289;-289215
772;-279976;-316129;-320030;-280766
773;-279976;-402352;-317593;-293700
774;-279976;-337156;-316300;-294180
775;-279976;-331443;-320299;-294399
776;-279976;-325641;-317804;-294646
777;-279976;-318056;-322005;-287043
778;-279976;-333405;-320973;-287043
779;-279976;-315723;-317690;-290561
780;-279976;-331167;-320918;-297689
781;-279976;-321703;-319752;-291721
782;-279976;-358501;-314531;-285170
783;-279976;-320694;-313488;-289458
784;-279976;-355894;-315068;-288817
785;-279976;-352518;-314555;-287630
786;-279976;-308161;-313937;-290695
787;-279976;-320130;-314520;-291964
788;-279976;-342875;-315363;-293120
789;-279976;-340510;-316772;-295204
790;-279976;-391142;-317288;-295467
791;-279976;-361258;-317339;-289346
792;-279976;-342219;-318525;-289577
793;-279976;-336462;-318605;-289577
794;-279976;-323248;-324050;-289577
795;-279976;-323497;-314581;-290091
796;-279976;-333499;-317529;-283222
797;-279976;-338438;-319184;-283222
798;-272685;-330275;-317251;-272685
799;-272685;-332749;-310266;-289580
800;-272685;-340817;-311073;-289678
801;-272685;-350707;-311492;-291116
802;-272685;-349006;-311222;-291116
803;-272685;-320184;-307475;-291569
804;-272685;-316509;-309190;-291569
805;-272685;-326912;-316559;-294992
806;-272685;-331366;-309059;-283509
807;-272685;-353784;-311376;-287539
808;-272685;-317006;-313032;-280631
809;-272685;-302251;-317954;-292475
810;-272685;-355364;-311886;-294992
811;-272685;-307361;-315932;-294992
812;-272685;-340479;-315492;-294550
813;-272685;-338934;-308077;-294550
814;-272685;-324328;-310010;-294207
815;-272685;-353544;-309247;-292105
816;-272685;-319180;-312605;-295071
817;-272685;-333344;-313275;-289299
818;-272685;-352718;-314512;-294362
819;-272685;-323081;-312517;-295422
820;-272685;-335479;-311988;-293628
821;-272685;-320907;-315335;-295952
822;-272685;-325764;-313782;-298848
823;-272685;-360622;-308144;-298481
824;-272685;-333057;-311349;-296663
825;-272685;-316706;-311475;-293983
826;-272685;-328410;-318023;-293983
827;-272685;-347334;-308848;-294336
828;-272685;-373339;-313279;-300356
829;-272685;-325262;-307198;-302269
830;-272685;-399907;-315615;-300027
831;-272685;-355756;-312229;-300306
832;-272685;-323696;-316832;-295440
833;-272685;-343072;-315669;-295440
834;-272685;-344382;-311458;-292572
835;-272685;-335401;-315092;-294859
836;-272685;-369626;-312711;-294859
837;-272685;-310396;-315698;-294859
838;-272685;-343800;-313817;-298090
839;-272685;-347354;-314138;-300673
840;-272685;-323129;-315038;-294964
841;-272685;-349074;-313376;-288316
842;-272685;-317860;-311428;-295689
843;-272685;-366901;-320413;-298244
844;-272685;-340201;-315327;-299084
845;-272685;-346438;-316584;-299084
846;-272685;-311553;-317384;-295658
847;-272685;-332157;-319181;-297938
848;-272685;-354523;-317641;-302773
849;-272685;-324793;-320438;-296875
850;-272685;-354235;-316785;-296299
851;-272685;-333589;-319842;-291979
852;-272685;-376443;-315032;-298494
853;-272685;-322543;-314561;-300202
854;-272685;-323769;-315016;-300374
855;-272685;-346354;-319853;-300374
856;-272685;-313649;-319472;-298308
857;-272685;-365095;-317002;-297432
858;-272685;-391289;-319237;-289383
859;-272685;-361134;-325109;-288135
860;-272685;-354492;-328058;-298774
861;-272685;-347175;-320364;-298774
862;-272685;-387398;-325492;-300078
863;-272685;-331842;-323344;-300078
864;-272685;-372213;-321295;-300078
865;-272685;-337684;-323559;-298101
866;-272685;-351468;-323416;-300078
867;-272685;-401787;-327379;-299238
868;-272685;-375951;-323196;-300078
869;-272685;-407209;-328371;-297785
870;-272685;-346788;-326090;-291706
871;-272685;-412116;-321984;-297452
872;-272685;-386806;-330220;-292050
873;-272685;-390381;-327268;-294993
874;-272685;-342085;-329184;-294993
875;-272685;-343905;-329118;-297169
876;-272685;-364935;-333505;-302472
877;-272685;-345110;-332375;-309820
878;-272685;-381267;-331833;-309975
879;-272685;-401192;-329449;-297415
880;-272685;-435646;-332354;-302663
881;-272685;-360668;-336474;-312507
882;-272685;-355131;-335136;-313797
883;-272685;-362091;-333576;-297237
884;-272685;-390132;-332018;-301689
885;-272685;-334590;-337810;-317405
886;-272685;-354083;-337205;-316854
887;-272685;-341097;-337905;-315223
888;-272685;-369859;-339662;-312633
889;-272685;-381347;-334276;-306550
890;-272685;-359012;-336267;-309912
891;-272685;-338936;-344606;-303332
892;-272685;-388516;-337315;-311593
893;-272685;-357197;-335471;-313034
894;-272685;-348350;-341493;-312902
895;-272685;-340880;-338880;-287185
896;-272685;-415260;-340748;-284126
897;-272685;-336423;-336159;-302280
898;-272685;-339463;-334909;-313790
899;-272685;-354216;-338910;-313702
900;-272685;-387154;-334833;-313702
901;-272685;-370951;-336605;-302215
902;-272685;-341795;-332887;-303634
903;-272685;-346527;-335652;-308562
904;-272685;-351356;-335404;-315743
905;-272685;-356402;-335056;-305945
906;-272685;-374102;-338399;-309756
907;-272685;-341038;-339982;-309756
908;-272685;-352204;-340894;-316655
909;-272685;-377468;-342873;-309468
910;-272685;-348526;-341592;-314508
911;-272685;-396397;-339851;-314508
912;-272685;-363231;-338662;-313144
913;-272685;-335071;-343117;-306005
914;-272685;-337608;-339401;-297507
915;-272685;-349067;-345830;-306005
916;-272685;-372667;-342766;-301685
917;-272685;-397686;-339996;-301860
918;-272685;-415457;-344784;-298020
919;-272685;-395568;-340362;-283063
920;-272685;-337553;-342870;-284519
921;-272685;-407005;-337606;-300636
922;-272685;-348203;-337576;-300636
923;-272685;-355102;-339687;-307540
924;-272685;-382422;-338877;-299472
925;-272685;-341734;-331966;-298328
926;-272685;-342300;-332434;-294091
927;-272685;-380303;-333331;-294128
928;-272685;-329492;-329795;-285072
929;-272685;-347465;-332323;-296307
930;-272685;-395937;-325446;-296307
931;-272685;-338509;-329965;-294939
932;-272685;-349765;-326483;-292202
933;-272685;-309973;-327882;-288095
934;-272685;-416357;-325036;-288095
935;-272685;-403977;-328749;-286719
936;-272685;-343033;-326969;-299177
937;-272685;-385958;-320006;-302436
938;-272685;-341630;-321483;-298169
939;-272685;-316706;-326900;-304230
940;-272685;-325783;-323387;-301727
941;-272685;-331651;-327350;-301475
942;-272685;-331790;-328940;-300297
943;-272685;-369721;-326728;-299283
944;-272685;-333825;-329764;-289738
945;-272685;-328218;-329709;-298486
946;-272685;-357284;-329989;-305039
947;-272685;-375898;-332395;-305431
948;-272685;-360357;-324696;-296537
949;-272685;-379272;-323932;-299113
950;-272685;-337040;-328000;-297844
951;-272685;-427690;-326778;-299082
952;-272685;-325685;-325759;-299876
953;-272685;-325311;-330904;-281127
954;-272685;-341368;-326074;-293932
955;-272685;-341368;-331831;-293932
956;-272685;-359659;-328510;-293932
957;-272685;-343934;-322429;-291629
958;-272685;-399255;-323393;-291555
959;-272685;-341378;-322543;-292060
960;-272685;-363045;-330056;-292654
961;-272685;-348376;-325791;-295291
962;-272685;-326480;-326948;-293980
963;-272685;-340699;-325233;-293980
964;-272685;-333813;-321563;-292483
965;-272685;-347909;-321511;-286506
966;-272685;-317516;-318788;-286393
967;-272685;-369876;-320058;-292631
968;-272685;-407893;-325907;-295295
969;-272685;-351171;-326987;-295295
970;-272685;-340556;-321870;-295886
971;-272685;-329105;-328645;-290666
972;-272685;-399962;-323498;-300751
973;-272685;-342782;-330328;-295897
974;-272685;-359947;-327773;-297678
975;-272685;-354374;-328247;-305461
976;-272685;-321664;-333553;-306003
977;-272685;-344846;-326025;-300104
978;-272685;-384761;-332748;-307769
979;-272685;-382635;-331883;-309888
980;-272685;-400685;-338878;-310471
981;-272685;-348145;-334431;-309613
982;-272685;-343229;-332342;-296797
983;-272685;-364987;-335506;-305136
984;-272685;-419240;-335452;-298750
985;-272685;-387089;-337898;-309639
986;-272685;-368820;-339774;-305779
987;-272685;-395721;-335610;-311272
988;-272685;-354728;-336962;-311272
989;-272685;-330386;-338096;-310490
990;-272685;-349575;-336612;-309107
991;-272685;-357558;-341857;-315007
992;-272685;-329802;-344386;-314804
993;-272685;-363109;-342979;-318330
994;-272685;-376528;-343891;-316259
995;-272685;-357147;-343730;-315581
996;-272685;-336284;-347364;-321859
997;-272685;-368908;-343997;-310459
998;-272685;-338385;-341318;-321267
999;-272685;-407681;-345285;-321267
1000;-272685;-374069;-342986;-307010
