Iterations;Overall best;Worst;Average;Best
0;-30780.9;-134926;-68483.1;-30780.9
1;-30780.9;-149162;-61493.6;-31219.1
2;-30780.9;-96478.1;-55286.7;-33089.3
3;-28923.5;-88124.5;-51088.9;-28923.5
4;-28923.5;-94932.1;-48387.7;-28923.5
5;-27440.6;-97350.7;-45097.7;-27440.6
6;-27284.3;-95055.9;-42630.3;-27284.3
7;-27284.3;-78200;-40262.1;-27825.5
8;-26670.1;-77753.3;-37903;-26670.1
9;-23877.7;-66832.4;-36136.1;-23877.7
10;-23877.7;-70985.2;-34672.1;-25464.8
11;-23844.4;-57282.1;-33207.4;-23844.4
12;-23844.4;-60421.9;-32258.8;-23887.5
13;-23380.5;-49699.4;-31218.9;-23380.5
14;-22085.7;-45670.3;-30266.6;-22085.7
15;-22085.7;-51530.9;-29519.8;-22418.6
16;-20375.5;-39598;-28836.9;-20375.5
17;-20375.5;-41389.9;-28361.5;-20375.5
18;-20375.5;-43585.3;-27901.3;-20491.3
19;-19986.9;-44626;-27391.9;-19986.9
20;-19986.9;-41243.8;-26935.4;-20150.8
21;-19986.9;-34955.9;-26290;-20383.7
22;-19986.9;-36932.5;-25952.6;-20441
23;-19650.6;-44466;-25479.4;-19650.6
24;-18503.5;-35285.6;-25113.2;-18503.5
25;-18503.5;-36852.7;-24876.9;-19495.3
26;-17659.2;-34267.7;-24389.1;-17659.2
27;-17659.2;-37403.7;-23861.6;-17659.2
28;-17659.2;-38236.6;-23593.2;-17659.2
29;-17659.2;-32796.1;-23222.9;-17719.9
30;-17236.4;-38251.1;-22779.9;-17236.4
31;-17236.4;-34517.4;-22506.7;-18044.1
32;-16562.9;-29887.3;-22150.6;-16562.9
33;-16542.5;-34927.3;-21905.7;-16542.5
34;-16542.5;-29608.1;-21622.1;-16970.1
35;-15072.9;-32345;-21373;-15072.9
36;-15072.9;-39082.8;-21180.2;-16216.3
37;-15072.9;-33565.4;-20950.8;-16110.5
38;-15072.9;-33966.6;-20678.6;-15180.5
39;-15072.9;-30872.1;-20533.2;-15354.1
40;-15072.9;-30514.1;-20290.4;-15144
41;-14765.7;-37909.1;-20044;-14765.7
42;-14765.7;-31049;-19876.9;-15065.1
43;-14765.7;-31574.4;-19693.3;-15079
44;-14765.7;-38041.4;-19674.5;-15393
45;-14765.7;-25182.6;-19475.2;-15308.5
46;-14765.7;-38648.4;-19211.1;-15376.3
47;-14742.9;-27161.5;-19003.4;-14742.9
48;-14724.2;-31245.5;-18909.5;-14724.2
49;-13790.1;-25494.8;-18642.4;-13790.1
50;-13790.1;-38097.3;-18456.3;-13790.1
51;-13527.9;-35234.8;-18355.6;-13527.9
52;-13527.9;-28803.1;-18100.3;-14064.8
53;-13082.5;-32396;-17820.1;-13082.5
54;-12569.2;-28930.6;-17613.4;-12569.2
55;-12569.2;-26376.1;-17536.5;-12691.8
56;-12569.2;-27252.7;-17331.9;-13594.6
57;-12569.2;-26063.2;-17117.5;-13166.6
58;-11913.3;-30827.6;-17071.1;-11913.3
59;-11913.3;-25503.6;-16837.5;-12334.1
60;-11913.3;-29644.8;-16634.3;-12834.6
61;-11913.3;-25044.7;-16480.3;-12336.8
62;-11321.6;-30004.3;-16330.7;-11321.6
63;-11321.6;-27359.2;-16103.1;-12296.8
64;-11321.6;-24454.4;-15897.2;-12063.7
65;-11321.6;-36253.6;-15887.4;-11837.2
66;-10986.3;-31684.9;-15647.6;-10986.3
67;-10986.3;-30574.9;-15730.8;-11722.8
68;-10986.3;-30388.4;-15515.8;-11970.4
69;-10986.3;-31470.4;-15288.3;-11326.6
70;-10986.3;-27000.7;-14951.9;-11186.6
71;-10193.8;-20751.2;-14652.8;-10193.8
72;-10171.5;-20736.6;-14557.2;-10171.5
73;-10171.5;-28170.5;-14462.4;-10171.5
74;-10171.5;-31334.8;-14263.2;-10651.8
75;-10117.1;-28306.5;-14083.8;-10117.1
76;-10117.1;-23820.8;-13877.8;-10778.8
77;-10117.1;-29473.7;-13726.1;-10837.3
78;-10117.1;-20067.7;-13523.8;-10585.6
79;-9452.76;-25339.4;-13446.9;-9452.76
80;-9452.76;-27952.1;-13295.1;-10218.9
81;-9452.76;-28601;-13018.2;-10028.5
82;-9452.76;-28169.3;-12705.1;-9461.93
83;-9417.96;-17929.8;-12462.7;-9417.96
84;-9127.86;-19685.2;-12300.1;-9127.86
85;-8562.47;-25445.9;-12078.7;-8562.47
86;-8562.47;-24879.5;-11873.7;-8562.47
87;-8047.46;-21909.4;-11747.5;-8047.46
88;-8047.46;-20584.1;-11522;-8562.47
89;-8047.46;-27830.5;-11320.4;-8449.22
90;-8047.46;-25483.4;-10993.7;-8158.51
91;-7906.58;-20233.3;-10705.6;-7906.58
92;-7906.58;-19673.2;-10496.8;-8194.58
93;-7906.58;-19635.1;-10245.8;-8245.79
94;-7668.18;-25541.9;-10112.9;-7668.18
95;-7347.64;-22506.3;-9841.77;-7347.64
96;-7347.64;-26788.6;-9693.21;-7640.51
97;-7347.64;-27312.9;-9554.36;-7457.8
98;-7105.21;-25791.3;-9414.79;-7105.21
99;-6906.16;-17671;-9252.11;-6906.16
100;-6906.16;-22929.2;-9079.62;-7097.92
101;-6906.16;-18288.7;-8952.99;-7254.44
102;-6765.12;-23290.5;-8828.1;-6765.12
103;-6558.26;-23922;-8699.73;-6558.26
104;-6558.26;-18396.8;-8585.19;-6945.13
105;-6558.26;-22302;-8495.73;-6653.45
106;-6558.26;-22610.7;-8315.84;-6735.76
107;-6558.26;-17215;-8194.67;-6594.55
108;-6300.65;-22148.4;-8051.8;-6300.65
109;-6300.65;-14577.2;-7963.84;-6300.65
110;-6300.65;-13671.5;-7843.11;-6300.65
111;-6300.65;-16575.4;-7693.32;-6348.1
112;-6300.65;-19158.5;-7611.19;-6302.72
113;-6300.65;-14997.9;-7499.31;-6364.7
114;-5923.54;-13699.1;-7391.02;-5923.54
115;-5923.54;-13683.9;-7331.28;-5970.86
116;-5923.54;-14708;-7222.97;-6072.9
117;-5923.54;-12438.5;-7113.01;-5945.88
118;-5850.89;-17594.9;-7024.22;-5850.89
119;-5850.89;-23953.1;-6953.03;-5850.89
120;-5732;-21541;-6808.94;-5732
121;-5700.42;-15080.5;-6638.92;-5700.42
122;-5700.42;-19458.8;-6537.95;-5730.75
123;-5680.31;-21792.3;-6497.42;-5680.31
124;-5654.51;-19185.2;-6331.01;-5654.51
125;-5612.22;-20554;-6276.09;-5612.22
126;-5612.22;-20241.2;-6157.66;-5612.22
127;-5612.22;-15268.2;-6099.36;-5612.22
128;-5612.22;-14198;-6057.8;-5612.22
129;-5582.1;-13698.8;-6001.19;-5582.1
130;-5582.1;-21054.4;-5947.55;-5582.1
131;-5578.11;-21152.5;-5973.58;-5578.11
132;-5557.21;-17337;-5962.14;-5557.21
133;-5507.54;-18374.9;-5909.68;-5507.54
134;-5477.42;-20967.3;-5904.5;-5477.42
135;-5456.96;-20962.9;-5859.75;-5456.96
136;-5456.96;-13398.4;-5822.75;-5456.96
137;-5419.82;-14715.4;-5811.17;-5419.82
138;-5414.34;-20163.5;-5923.17;-5414.34
139;-5389.7;-13391.4;-5775.31;-5389.7
140;-5382.49;-20855.8;-5866.32;-5382.49
141;-5377.69;-13495.4;-5796.76;-5377.69
142;-5377.69;-20869.5;-5777.3;-5377.69
143;-5368.2;-19885.6;-5762.05;-5368.2
144;-5368.2;-12938.7;-5719.59;-5382.49
145;-5299.58;-15258.5;-5688.8;-5299.58
146;-5224.89;-15863.9;-5711.28;-5224.89
147;-5143.86;-20020.7;-5716.96;-5143.86
148;-5143.86;-15940.8;-5668.22;-5143.86
149;-5143.86;-17238.7;-5643.1;-5143.86
150;-5088;-23101.8;-5571.07;-5088
151;-5088;-15940.8;-5624.27;-5143.86
152;-5088;-11515;-5582.07;-5143.86
153;-5088;-14335.9;-5520.69;-5143.86
154;-5004.3;-20692.6;-5468.02;-5004.3
155;-5004.3;-16603.1;-5469.68;-5004.3
156;-5004.3;-15492.7;-5452.95;-5004.3
157;-5004.3;-14250.8;-5362.31;-5004.3
158;-5004.3;-12033;-5399.99;-5004.3
159;-4993.59;-17989.3;-5372.78;-4993.59
160;-4993.59;-17989.3;-5427.93;-4993.59
161;-4993.59;-12576.3;-5328.47;-4993.59
162;-4970.51;-13276.5;-5390.88;-4970.51
163;-4970.51;-23249.1;-5496.51;-4993.59
164;-4959.8;-13416.1;-5388.54;-4959.8
165;-4946.39;-12897.8;-5396.7;-4946.39
166;-4946.39;-20494.7;-5409.05;-4959.8
167;-4946.39;-19691.5;-5363.68;-4959.8
168;-4944.64;-19137.5;-5400.6;-4944.64
169;-4933.93;-11987.4;-5328.68;-4933.93
170;-4820.24;-15678.6;-5330.93;-4820.24
171;-4820.24;-14493;-5343.77;-4824.8
172;-4794.37;-17805.2;-5342.72;-4794.37
173;-4794.37;-15502.4;-5339.09;-4794.37
174;-4738.98;-14414.5;-5339.45;-4738.98
175;-4738.98;-19692.4;-5331.67;-4738.98
176;-4738.98;-13726.1;-5287.02;-4738.98
177;-4738.98;-11809.5;-5267.3;-4738.98
178;-4738.98;-16778.2;-5291.44;-4738.98
179;-4738.98;-14813.3;-5281.25;-4738.98
180;-4726.53;-16653.8;-5149.96;-4726.53
181;-4726.53;-13097;-5168.86;-4726.53
182;-4717.81;-20109;-5134.36;-4717.81
183;-4672.01;-19440;-5139.7;-4672.01
184;-4672.01;-11141.2;-5101.98;-4672.01
185;-4672.01;-11554.5;-5088.85;-4672.01
186;-4646.15;-12885.9;-5059.79;-4646.15
187;-4646.15;-16907.3;-5031.61;-4672.01
188;-4590.76;-19375.8;-5099.23;-4590.76
189;-4590.76;-17017.7;-5046.11;-4672.01
190;-4590.76;-18982.7;-5009.37;-4672.01
191;-4590.76;-14509.5;-5043.83;-4672.01
192;-4590.76;-13164.6;-4962.54;-4621.06
193;-4590.76;-20032.1;-5019.79;-4604.05
194;-4590.76;-17309.7;-5042.59;-4604.05
195;-4590.76;-17861.6;-4986.68;-4599.5
196;-4590.76;-19310.5;-4962.34;-4599.5
197;-4590.76;-11301.2;-4907.69;-4599.5
198;-4590.76;-19032.6;-4957.17;-4604.05
199;-4512.43;-19245.5;-4937.71;-4512.43
200;-4487.72;-15582.2;-4919.3;-4487.72
201;-4480.52;-19352.7;-4888.77;-4480.52
202;-4415.67;-17449.5;-4880.43;-4415.67
203;-4415.67;-12102.4;-4883.41;-4415.67
204;-4415.67;-12583.9;-4829.13;-4415.67
205;-4415.67;-16678.6;-4925.75;-4415.67
206;-4415.67;-19963.2;-4911.51;-4415.67
207;-4415.67;-17449.5;-4876.98;-4415.67
208;-4411.11;-12573.7;-4899.93;-4411.11
209;-4411.11;-17000.8;-4872.19;-4415.67
210;-4411.11;-19172.5;-4903.53;-4415.67
211;-4411.11;-19680.4;-4884.91;-4415.67
212;-4411.11;-15147.4;-4927.39;-4415.67
213;-4411.11;-16425.9;-4813.67;-4415.67
214;-4411.11;-11628.3;-4836.15;-4415.67
215;-4411.11;-12995;-4826.03;-4415.67
216;-4364.71;-11246.1;-4784.14;-4364.71
217;-4251.99;-14421.6;-4693.59;-4251.99
218;-4251.99;-22053.2;-4726.33;-4251.99
219;-4251.99;-14898.1;-4668.71;-4364.71
220;-4251.99;-18919.9;-4660.75;-4364.71
221;-4251.99;-19680.4;-4646.01;-4364.71
222;-4251.99;-19680.4;-4640.49;-4364.71
223;-4251.99;-18919.9;-4654.73;-4364.71
224;-4251.99;-10336;-4608.65;-4364.71
225;-4251.99;-18941.9;-4688.78;-4364.71
226;-4251.99;-17197.9;-4659.32;-4364.71
227;-4251.99;-18880.5;-4678.34;-4364.71
228;-4251.99;-13488.8;-4584.84;-4364.71
229;-4251.99;-14796.4;-4640.86;-4364.71
230;-4251.99;-22053.2;-4629.81;-4364.71
231;-4251.99;-16358.9;-4614.17;-4364.71
232;-4251.99;-17130.9;-4653.51;-4323.7
233;-4251.99;-21986.2;-4682.99;-4353.38
234;-4251.99;-21986.2;-4669.09;-4353.38
235;-4251.99;-15648;-4614.04;-4353.38
236;-4251.99;-16846.1;-4594.74;-4353.38
237;-4251.99;-19654.4;-4631.75;-4353.38
238;-4251.99;-17130.9;-4644.39;-4353.38
239;-4251.99;-10296.6;-4625.69;-4353.38
240;-4251.99;-19613.5;-4663.63;-4353.38
241;-4251.99;-14307.9;-4584.08;-4323.7
242;-4251.99;-17119.6;-4572.1;-4312.37
243;-4251.99;-21974.8;-4577.33;-4312.37
244;-4251.99;-12177.6;-4569.79;-4312.37
245;-4251.99;-10421.2;-4584.15;-4312.37
246;-4251.99;-12610.5;-4569.5;-4312.37
247;-4251.99;-14783;-4584.19;-4312.37
248;-4189.7;-18072.2;-4577.34;-4189.7
249;-4189.7;-14822.7;-4573.5;-4312.37
250;-4189.7;-19602.1;-4583.25;-4199.25
251;-4189.7;-18839.6;-4566.94;-4199.25
252;-4189.7;-18829;-4591.56;-4199.25
253;-4189.7;-19613;-4532.7;-4199.25
254;-4189.7;-14736.6;-4516.05;-4199.25
255;-4189.7;-18793.2;-4578.04;-4199.25
256;-4189.7;-9620.52;-4481.27;-4199.25
257;-4189.7;-12423.8;-4524.75;-4199.25
258;-4148.69;-12456.7;-4455.29;-4148.69
259;-4148.69;-12426.4;-4484.25;-4199.25
260;-4148.69;-14607.2;-4478.47;-4199.25
261;-4148.69;-10593;-4423.14;-4199.25
262;-4148.69;-14607.2;-4474.16;-4199.25
263;-4148.69;-10016.2;-4440.38;-4199.25
264;-4148.69;-21730.1;-4447.19;-4199.25
265;-4148.69;-10726.9;-4434.67;-4199.25
266;-4148.69;-17896.4;-4438.91;-4199.25
267;-4148.69;-17896.4;-4444.18;-4199.25
268;-4035.57;-19779.7;-4430.18;-4035.57
269;-4035.57;-14607.2;-4450.98;-4035.57
270;-4035.57;-11751.8;-4424.59;-4035.57
271;-4035.57;-13279.1;-4457.72;-4035.57
272;-4035.57;-12244.4;-4446.7;-4035.57
273;-4035.57;-18752.5;-4444.74;-4035.57
274;-4035.57;-10037.7;-4347.48;-4035.57
275;-4035.57;-14650.3;-4483.75;-4035.57
276;-4035.57;-16169.7;-4474.43;-4035.57
277;-4035.57;-12456.7;-4457.39;-4035.57
278;-4035.57;-16656.9;-4487.98;-4035.57
279;-4035.57;-14650.3;-4514.37;-4035.57
280;-4035.57;-14132;-4499.89;-4035.57
281;-4035.57;-21730.1;-4509.1;-4035.57
282;-4035.57;-25938.2;-4532.27;-4035.57
283;-4035.57;-14650.3;-4472.19;-4035.57
284;-4035.57;-12012.2;-4458.44;-4035.57
285;-4035.57;-14762.9;-4457.52;-4035.57
286;-4035.57;-19426.3;-4492.2;-4035.57
287;-4035.57;-16169.7;-4530.09;-4035.57
288;-4035.57;-13590.4;-4464.81;-4035.57
289;-4035.57;-17896.4;-4465.94;-4035.57
290;-4035.57;-16169.7;-4424.61;-4035.57
291;-4035.57;-12012.2;-4478.75;-4035.57
292;-4035.57;-14607.2;-4555.52;-4035.57
293;-4035.57;-21072.5;-4578.81;-4035.57
294;-4035.57;-12013.9;-4522.46;-4035.57
295;-4035.57;-21250.4;-4592.56;-4035.57
296;-4035.57;-12064.8;-4538.69;-4035.57
297;-4035.57;-16985.3;-4572.73;-4035.57
298;-4035.57;-13982.2;-4539.08;-4035.57
299;-4035.57;-17896.4;-4681.33;-4035.57
300;-4035.57;-13068.4;-4706.24;-4035.57
301;-4035.57;-19426.3;-4701.19;-4035.57
302;-4035.57;-19651.1;-4769.11;-4035.57
303;-4035.57;-19888.4;-4757.44;-4035.57
304;-4035.57;-12042.2;-4634.28;-4035.57
305;-4035.57;-12462.9;-4576.77;-4035.57
306;-4035.57;-18329.7;-4434.68;-4035.57
307;-4035.57;-17101.3;-4289;-4035.57
308;-4035.57;-11509.8;-4244.19;-4035.57
309;-4035.57;-16322.3;-4314.27;-4035.57
310;-4035.57;-16444.7;-4290.39;-4035.57
311;-4035.57;-16322.3;-4266.16;-4035.57
312;-4035.57;-9206.92;-4219.01;-4035.57
313;-4035.57;-16444.7;-4280.05;-4035.57
314;-4035.57;-10774.7;-4277.98;-4035.57
315;-4035.57;-19888.4;-4276.5;-4035.57
316;-4035.57;-12868.4;-4258.13;-4035.57
317;-4035.57;-19888.4;-4311.05;-4035.57
318;-4035.57;-18857;-4277.07;-4035.57
319;-4035.57;-9951.62;-4230.07;-4035.57
320;-4035.57;-17101.3;-4261.52;-4035.57
321;-4035.57;-18857;-4314.83;-4035.57
322;-4035.57;-15598.6;-4301.38;-4035.57
323;-4035.57;-19888.4;-4289.1;-4035.57
324;-4030.42;-13115.4;-4258.57;-4030.42
325;-4030.42;-21795.3;-4274.47;-4030.42
326;-4030.42;-18857;-4254.53;-4030.42
327;-4030.42;-15598.6;-4253.91;-4030.42
328;-4030.42;-18329.7;-4263.71;-4030.42
329;-4030.42;-17554.6;-4245.19;-4030.42
330;-4030.42;-19651.1;-4262.99;-4030.42
331;-4030.42;-16444.7;-4252.6;-4030.42
332;-4030.42;-10869.2;-4276.5;-4030.42
333;-4030.42;-12293;-4278.01;-4030.42
334;-4030.42;-19888.4;-4358.22;-4030.42
335;-4030.42;-12741;-4261.4;-4030.42
336;-4030.42;-14866.9;-4251.79;-4030.42
337;-4030.42;-21790.1;-4288.99;-4030.42
338;-4030.42;-17101.3;-4276.53;-4030.42
339;-4030.42;-18851.9;-4281.89;-4030.42
340;-4030.42;-19646;-4257.43;-4030.42
341;-4030.42;-17548.5;-4235.45;-4030.42
342;-4030.42;-18323.7;-4299.75;-4030.42
343;-4030.42;-19883.3;-4321.57;-4030.42
344;-4030.42;-10863.2;-4308.7;-4030.42
345;-4030.42;-16438.6;-4237.6;-4030.42
346;-4030.42;-10043.2;-4239.05;-4030.42
347;-4030.42;-18323.7;-4230.96;-4030.42
348;-4030.42;-12735;-4224.44;-4030.42
349;-4030.42;-21790.1;-4245.96;-4030.42
350;-4030.42;-18323.7;-4235.6;-4030.42
351;-4030.42;-14861.7;-4274.44;-4030.42
352;-4030.42;-15593.4;-4278.25;-4030.42
353;-4030.42;-16316.3;-4281.47;-4030.42
354;-4030.42;-14861.7;-4216.97;-4030.42
355;-4030.42;-10879.7;-4248.96;-4030.42
356;-4030.42;-17548.5;-4295.58;-4030.42
357;-4030.42;-18851.9;-4230.16;-4030.42
358;-4030.42;-19646;-4304.11;-4030.42
359;-4030.42;-16438.6;-4257.42;-4030.42
360;-4030.42;-18851.9;-4283.57;-4030.42
361;-4030.42;-13856.7;-4273.61;-4030.42
362;-4030.42;-19646;-4280.56;-4030.42
363;-4030.42;-16316.3;-4251.93;-4030.42
364;-4030.42;-13084.8;-4241.14;-4030.42
365;-4030.42;-18851.9;-4231.8;-4030.42
366;-4030.42;-10155.4;-4206.59;-4030.42
367;-4030.42;-18851.9;-4289.31;-4030.42
368;-4030.42;-13976.2;-4269.13;-4030.42
369;-4030.42;-16438.6;-4260.33;-4030.42
370;-4030.42;-18851.9;-4236.67;-4030.42
371;-4030.42;-21790.1;-4238.25;-4030.42
372;-4030.42;-18323.7;-4291.3;-4030.42
373;-4030.42;-21790.1;-4337.72;-4030.42
374;-4030.42;-17548.5;-4262.28;-4030.42
375;-4030.42;-17096.1;-4247.34;-4030.42
376;-4030.42;-17548.5;-4239.69;-4030.42
377;-4030.42;-21790.1;-4306.42;-4030.42
378;-4030.42;-13976.2;-4245.67;-4030.42
379;-4030.42;-18851.9;-4311.53;-4030.42
380;-4030.42;-14694.7;-4268.95;-4030.42
381;-4030.42;-14694.7;-4263.14;-4030.42
382;-4030.42;-9991.33;-4317.02;-4030.42
383;-4030.42;-21790.1;-4334.55;-4030.42
384;-4030.42;-14823;-4254.18;-4030.42
385;-4030.42;-9979.55;-4207.95;-4030.42
386;-4030.42;-9991.33;-4242.83;-4030.42
387;-4030.42;-19646;-4254.35;-4030.42
388;-4030.42;-13976.2;-4302.88;-4030.42
389;-4030.42;-12287.9;-4244.32;-4030.42
390;-4030.42;-13856.7;-4239.93;-4030.42
391;-4030.42;-19883.3;-4235.8;-4030.42
392;-4030.42;-16316.3;-4304.69;-4030.42
393;-4030.42;-17096.1;-4268.04;-4030.42
394;-4030.42;-11583;-4238.96;-4030.42
395;-4030.42;-19646;-4270.35;-4030.42
396;-4030.42;-20871.9;-4293.2;-4030.42
397;-4030.42;-16316.3;-4302.67;-4030.42
398;-4030.42;-10171;-4236.2;-4030.42
399;-4030.42;-13084.8;-4241.66;-4030.42
400;-4030.42;-14694.7;-4281.6;-4030.42
401;-4030.42;-13110.2;-4275.81;-4030.42
402;-4030.42;-14823;-4254.67;-4030.42
403;-4030.42;-12456.8;-4272.02;-4030.42
404;-4030.42;-12257.5;-4278.96;-4030.42
405;-4030.42;-10385.8;-4297.16;-4030.42
406;-4030.42;-14823;-4301.18;-4030.42
407;-4030.42;-18323.7;-4281.51;-4030.42
408;-4030.42;-21790.1;-4234.56;-4030.42
409;-4030.42;-11845;-4287.49;-4030.42
410;-4030.42;-10219.7;-4309.61;-4030.42
411;-4030.42;-18851.9;-4332.86;-4030.42
412;-4030.42;-18323.7;-4275.41;-4030.42
413;-4030.42;-13084.8;-4240.47;-4030.42
414;-4030.42;-18323.7;-4237.6;-4030.42
415;-4030.42;-14694.7;-4251.79;-4030.42
416;-4030.42;-18323.7;-4212.43;-4030.42
417;-4030.42;-10267.8;-4207.64;-4030.42
418;-4030.42;-14861.7;-4299.17;-4030.42
419;-4030.42;-16438.6;-4335.48;-4030.42
420;-4030.42;-13788.3;-4306.28;-4030.42
421;-4030.42;-21790.1;-4244.75;-4030.42
422;-4030.42;-21790.1;-4269.4;-4030.42
423;-4030.42;-13110.2;-4298.81;-4030.42
424;-4030.42;-16316.3;-4349.87;-4030.42
425;-4030.42;-10385.8;-4238.43;-4030.42
426;-4030.42;-11234.4;-4275.91;-4030.42
427;-4030.42;-18323.7;-4301.75;-4030.42
428;-4030.42;-12735;-4256.21;-4030.42
429;-4030.42;-14694.7;-4299.34;-4030.42
430;-4030.42;-19646;-4256.89;-4030.42
431;-4030.42;-19883.3;-4275.6;-4030.42
432;-4030.42;-14823;-4219.44;-4030.42
433;-4030.42;-13856.7;-4285.51;-4030.42
434;-4030.42;-10267.8;-4257.58;-4030.42
435;-4030.42;-13110.2;-4274.47;-4030.42
436;-4030.42;-13788.3;-4273.4;-4030.42
437;-4030.42;-16438.6;-4248.95;-4030.42
438;-4030.42;-11774.8;-4253.11;-4030.42
439;-4030.42;-21790.1;-4293.38;-4030.42
440;-4030.42;-12287.9;-4232.16;-4030.42
441;-4030.42;-14823;-4245.13;-4030.42
442;-4030.42;-10088.6;-4262.42;-4030.42
443;-4030.42;-11503.8;-4274.32;-4030.42
444;-4030.42;-10290.2;-4286.21;-4030.42
445;-4030.42;-18323.7;-4234.51;-4030.42
446;-4030.42;-13084.8;-4268.05;-4030.42
447;-4030.42;-13976.2;-4226.32;-4030.42
448;-4030.42;-11503.8;-4238.75;-4030.42
449;-4030.42;-12257.5;-4258.34;-4030.42
450;-4030.42;-19646;-4310.04;-4030.42
451;-4030.42;-8861.54;-4257.74;-4030.42
452;-4030.42;-13856.7;-4264.93;-4030.42
453;-4030.42;-13084.8;-4252.03;-4030.42
454;-4030.42;-19883.3;-4317.64;-4030.42
455;-4030.42;-10769.6;-4260.08;-4030.42
456;-4030.42;-17548.5;-4280.19;-4030.42
457;-4030.42;-15593.4;-4239.5;-4030.42
458;-4030.42;-16418.8;-4266.09;-4030.42
459;-4030.42;-14694.7;-4326.38;-4030.42
460;-4030.42;-19646;-4259.62;-4030.42
461;-4030.42;-18323.7;-4306.29;-4030.42
462;-4030.42;-14823;-4311.4;-4030.42
463;-4030.42;-13976.2;-4303.44;-4030.42
464;-4030.42;-11234.4;-4251.3;-4030.42
465;-4030.42;-13976.2;-4227.83;-4030.42
466;-4030.42;-19646;-4322.24;-4030.42
467;-4030.42;-10143.8;-4209.63;-4030.42
468;-4030.42;-12257.5;-4233.85;-4030.42
469;-4030.42;-13976.2;-4262.73;-4030.42
470;-4030.42;-21790.1;-4267.51;-4030.42
471;-4030.42;-19883.3;-4253.52;-4030.42
472;-4030.42;-17548.5;-4280.8;-4030.42
473;-4030.42;-14694.7;-4265.13;-4030.42
474;-4030.42;-14861.7;-4273.19;-4030.42
475;-4030.42;-18323.7;-4272.1;-4030.42
476;-4030.42;-13856.7;-4247.67;-4030.42
477;-4030.42;-16316.3;-4265;-4030.42
478;-4030.42;-16438.6;-4282.14;-4030.42
479;-4030.42;-10577.9;-4231.99;-4030.42
480;-4030.42;-13976.2;-4228.09;-4030.42
481;-4030.42;-14861.7;-4289.66;-4030.42
482;-4030.42;-21790.1;-4270.28;-4030.42
483;-4030.42;-15593.4;-4258.2;-4030.42
484;-4030.42;-18851.9;-4275.6;-4030.42
485;-4030.42;-19883.3;-4319.33;-4030.42
486;-4030.42;-13788.3;-4282.57;-4030.42
487;-4030.42;-13788.3;-4310.14;-4030.42
488;-4030.42;-15593.4;-4283.02;-4030.42
489;-4030.42;-10879.7;-4227.99;-4030.42
490;-4030.42;-9991.33;-4285.93;-4030.42
491;-4030.42;-17096.1;-4260.31;-4030.42
492;-4030.42;-12456.8;-4287.3;-4030.42
493;-4030.42;-19646;-4255.07;-4030.42
494;-4030.42;-16438.6;-4226.04;-4030.42
495;-4030.42;-13788.3;-4283.38;-4030.42
496;-4030.42;-13110.2;-4283.01;-4030.42
497;-4030.42;-19883.3;-4316.73;-4030.42
498;-4030.42;-9383.23;-4216.21;-4030.42
499;-4030.42;-17096.1;-4264.37;-4030.42
500;-4030.42;-14694.7;-4288.77;-4030.42
501;-4030.42;-13856.7;-4240.43;-4030.42
502;-4030.42;-13976.2;-4257.2;-4030.42
503;-4030.42;-18851.9;-4269.13;-4030.42
504;-4030.42;-13976.2;-4307.01;-4030.42
505;-4030.42;-14861.7;-4283.71;-4030.42
506;-4030.42;-18851.9;-4270.17;-4030.42
507;-4030.42;-18323.7;-4314.49;-4030.42
508;-4030.42;-12735;-4321.02;-4030.42
509;-4030.42;-14585.8;-4272.84;-4030.42
510;-4030.42;-13976.2;-4287.78;-4030.42
511;-4030.42;-21790.1;-4309.66;-4030.42
512;-4030.42;-10290.2;-4205.15;-4030.42
513;-4030.42;-14823;-4274.25;-4030.42
514;-4030.42;-18323.7;-4294.4;-4030.42
515;-4030.42;-16438.6;-4240.13;-4030.42
516;-4030.42;-21790.1;-4299.21;-4030.42
517;-4030.42;-16438.6;-4329.85;-4030.42
518;-4030.42;-14823;-4255.65;-4030.42
519;-4030.42;-12075.6;-4293.12;-4030.42
520;-4030.42;-17548.5;-4292.53;-4030.42
521;-4030.42;-12075.6;-4244.58;-4030.42
522;-4030.42;-21790.1;-4332.82;-4030.42
523;-4030.42;-12257.5;-4249.53;-4030.42
524;-4030.42;-14823;-4255.91;-4030.42
525;-4030.42;-15593.4;-4234.49;-4030.42
526;-4030.42;-10557.4;-4263.37;-4030.42
527;-4030.42;-17548.5;-4255.78;-4030.42
528;-4030.42;-17548.5;-4324.05;-4030.42
529;-4030.42;-17548.5;-4271.32;-4030.42
530;-4030.42;-19646;-4285.16;-4030.42
531;-4030.42;-10290.2;-4272.36;-4030.42
532;-4030.42;-14823;-4352.18;-4030.42
533;-4030.42;-10348.6;-4248.27;-4030.42
534;-4030.42;-19646;-4319.91;-4030.42
535;-4030.42;-21790.1;-4253.31;-4030.42
536;-4030.42;-18323.7;-4267.54;-4030.42
537;-4030.42;-19646;-4291.41;-4030.42
538;-4030.42;-16438.6;-4261.55;-4030.42
539;-4030.42;-21790.1;-4269.35;-4030.42
540;-4030.42;-14861.7;-4287.99;-4030.42
541;-4030.42;-18323.7;-4274.69;-4030.42
542;-4030.42;-13856.7;-4288.42;-4030.42
543;-4030.42;-21790.1;-4306.59;-4030.42
544;-4030.42;-11774.8;-4279.94;-4030.42
545;-4030.42;-9293.82;-4242.24;-4030.42
546;-4030.42;-18323.7;-4253.7;-4030.42
547;-4030.42;-18851.9;-4306.17;-4030.42
548;-4030.42;-18851.9;-4319.7;-4030.42
549;-4030.42;-19883.3;-4270.75;-4030.42
550;-4030.42;-17548.5;-4266.66;-4030.42
551;-4030.42;-13976.2;-4275.59;-4030.42
552;-4030.42;-11583;-4243.49;-4030.42
553;-4030.42;-21790.1;-4329.8;-4030.42
554;-4030.42;-16316.3;-4236.09;-4030.42
555;-4030.42;-17096.1;-4297.29;-4030.42
556;-4030.42;-14694.7;-4229.28;-4030.42
557;-4030.42;-13110.2;-4276.2;-4030.42
558;-4030.42;-12287.9;-4256.38;-4030.42
559;-4030.42;-19883.3;-4306.1;-4030.42
560;-4030.42;-16438.6;-4230.38;-4030.42
561;-4030.42;-17064.8;-4217.7;-4030.42
562;-4030.42;-12257.5;-4239.06;-4030.42
563;-4030.42;-19883.3;-4281.13;-4030.42
564;-4030.42;-14861.7;-4252.65;-4030.42
565;-4030.42;-16316.3;-4364.07;-4030.42
566;-4030.42;-17096.1;-4263.68;-4030.42
567;-4030.42;-11503.8;-4258.59;-4030.42
568;-4030.42;-9411.02;-4232.92;-4030.42
569;-4030.42;-21790.1;-4264.23;-4030.42
570;-4030.42;-21790.1;-4248.94;-4030.42
571;-4030.42;-13856.7;-4232.79;-4030.42
572;-4030.42;-10219.7;-4225.85;-4030.42
573;-4030.42;-10143.8;-4259.4;-4030.42
574;-4030.42;-10143.8;-4195.41;-4030.42
575;-4030.42;-12036.2;-4242.58;-4030.42
576;-4030.42;-17096.1;-4245.28;-4030.42
577;-4030.42;-14861.7;-4218.84;-4030.42
578;-4030.42;-21790.1;-4277.95;-4030.42
579;-4030.42;-14823;-4276.87;-4030.42
580;-4030.42;-11503.8;-4271.91;-4030.42
581;-4030.42;-13976.2;-4293.96;-4030.42
582;-4030.42;-18323.7;-4268.01;-4030.42
583;-4030.42;-18851.9;-4340.64;-4030.42
584;-4030.42;-12034.1;-4237.65;-4030.42
585;-4030.42;-18851.9;-4270.33;-4030.42
586;-4030.42;-14861.7;-4286.35;-4030.42
587;-4030.42;-10043.2;-4197.28;-4030.42
588;-4030.42;-9370.44;-4249.46;-4030.42
589;-4030.42;-11234.4;-4266.01;-4030.42
590;-4030.42;-13084.8;-4242.34;-4030.42
591;-4030.42;-18851.9;-4318.6;-4030.42
592;-4030.42;-16316.3;-4265.94;-4030.42
593;-4030.42;-10863.2;-4216.05;-4030.42
594;-4030.42;-19646;-4288.95;-4030.42
595;-4030.42;-19646;-4263.54;-4030.42
596;-4030.42;-18851.9;-4293.34;-4030.42
597;-4030.42;-11583;-4267.58;-4030.42
598;-4030.42;-23031;-4341.89;-4030.42
599;-4030.42;-10635.3;-4230.69;-4030.42
600;-4030.42;-21790.1;-4292.12;-4030.42
601;-4030.42;-14861.7;-4254.2;-4030.42
602;-4030.42;-17548.5;-4266.85;-4030.42
603;-4030.42;-10098.1;-4237.51;-4030.42
604;-4030.42;-16316.3;-4313.52;-4030.42
605;-4030.42;-13856.7;-4259.46;-4030.42
606;-4030.42;-18323.7;-4308.85;-4030.42
607;-4030.42;-21790.1;-4284.21;-4030.42
608;-4030.42;-11845;-4279.62;-4030.42
609;-4030.42;-21790.1;-4264.84;-4030.42
610;-4030.42;-14694.7;-4295;-4030.42
611;-4030.42;-19646;-4268.37;-4030.42
612;-4030.42;-17096.1;-4294.37;-4030.42
613;-4030.42;-18851.9;-4320.22;-4030.42
614;-4030.42;-19646;-4237.43;-4030.42
615;-4030.42;-18851.9;-4279.41;-4030.42
616;-4030.42;-10851.5;-4274.78;-4030.42
617;-4030.42;-14861.7;-4235.88;-4030.42
618;-4030.42;-16438.6;-4277.26;-4030.42
619;-4030.42;-12287.9;-4277.71;-4030.42
620;-4030.42;-13110.2;-4304.11;-4030.42
621;-4030.42;-12695.5;-4264.72;-4030.42
622;-4030.42;-17650.1;-4296.98;-4030.42
623;-4030.42;-21790.1;-4276.75;-4030.42
624;-4030.42;-19646;-4269.02;-4030.42
625;-4030.42;-19883.3;-4264.95;-4030.42
626;-4030.42;-19883.3;-4272.9;-4030.42
627;-4030.42;-18323.7;-4273.37;-4030.42
628;-4030.42;-17548.5;-4244.67;-4030.42
629;-4030.42;-13788.3;-4244.51;-4030.42
630;-4030.42;-13110.2;-4216.76;-4030.42
631;-4030.42;-10769.6;-4242.64;-4030.42
632;-4030.42;-10219.7;-4224.89;-4030.42
633;-4030.42;-19646;-4334.14;-4030.42
634;-4030.42;-14861.7;-4287.57;-4030.42
635;-4030.42;-14694.7;-4237.48;-4030.42
636;-4030.42;-12456.8;-4272.78;-4030.42
637;-4030.42;-18851.9;-4263.53;-4030.42
638;-4030.42;-17096.1;-4286.97;-4030.42
639;-4030.42;-18851.9;-4263.8;-4030.42
640;-4030.42;-18851.9;-4281.55;-4030.42
641;-4030.42;-10171;-4236.54;-4030.42
642;-4030.42;-18851.9;-4249.02;-4030.42
643;-4030.42;-12287.9;-4232.15;-4030.42
644;-4030.42;-18851.9;-4261.48;-4030.42
645;-4030.42;-17548.5;-4272.96;-4030.42
646;-4030.42;-10267.8;-4208.16;-4030.42
647;-4030.42;-18851.9;-4300.66;-4030.42
648;-4030.42;-18323.7;-4281.57;-4030.42
649;-4030.42;-19646;-4304.47;-4030.42
650;-4030.42;-16438.6;-4313.11;-4030.42
651;-4030.42;-16316.3;-4301.02;-4030.42
652;-4030.42;-14823;-4259.79;-4030.42
653;-4030.42;-13788.3;-4274.66;-4030.42
654;-4030.42;-16438.6;-4267.06;-4030.42
655;-4030.42;-16438.6;-4265.06;-4030.42
656;-4030.42;-13110.2;-4264.19;-4030.42
657;-4030.42;-13110.2;-4290.62;-4030.42
658;-4030.42;-19883.3;-4305.25;-4030.42
659;-4030.42;-18851.9;-4278.76;-4030.42
660;-4030.42;-13084.8;-4323.39;-4030.42
661;-4030.42;-10267.8;-4237.64;-4030.42
662;-4030.42;-13788.3;-4321.29;-4030.42
663;-4030.42;-18323.7;-4295.76;-4030.42
664;-4030.42;-11774.8;-4254.19;-4030.42
665;-4030.42;-21790.1;-4241.04;-4030.42
666;-4030.42;-21790.1;-4273.44;-4030.42
667;-4030.42;-14823;-4309.65;-4030.42
668;-4030.42;-12036.2;-4298.67;-4030.42
669;-4030.42;-11845;-4264.48;-4030.42
670;-4030.42;-17096.1;-4301.34;-4030.42
671;-4030.42;-18323.7;-4307.45;-4030.42
672;-4030.42;-13856.7;-4325.11;-4030.42
673;-4030.42;-19883.3;-4294.55;-4030.42
674;-4030.42;-17096.1;-4255.41;-4030.42
675;-4030.42;-13084.8;-4287.79;-4030.42
676;-4030.42;-21790.1;-4293.83;-4030.42
677;-4030.42;-13084.8;-4274.65;-4030.42
678;-4030.42;-9839.34;-4227.97;-4030.42
679;-4030.42;-18323.7;-4289.73;-4030.42
680;-4030.42;-16438.6;-4263.41;-4030.42
681;-4030.42;-12036.2;-4308.71;-4030.42
682;-4030.42;-15593.4;-4255.59;-4030.42
683;-4030.42;-10879.7;-4261.07;-4030.42
684;-4030.42;-21790.1;-4247.54;-4030.42
685;-4030.42;-18323.7;-4289.02;-4030.42
686;-4030.42;-16316.3;-4304.02;-4030.42
687;-4030.42;-9891.72;-4253.06;-4030.42
688;-4030.42;-14861.7;-4285.62;-4030.42
689;-4030.42;-13856.7;-4233.99;-4030.42
690;-4030.42;-18851.9;-4284.22;-4030.42
691;-4030.42;-16316.3;-4280.04;-4030.42
692;-4030.42;-16438.6;-4229.1;-4030.42
693;-4030.42;-13976.2;-4266.52;-4030.42
694;-4030.42;-16316.3;-4270.22;-4030.42
695;-4030.42;-15593.4;-4278.1;-4030.42
696;-4030.42;-10863.2;-4284.15;-4030.42
697;-4030.42;-17096.1;-4347.84;-4030.42
698;-4030.42;-11234.4;-4282.01;-4030.42
699;-4030.42;-17548.5;-4293.22;-4030.42
700;-4030.42;-18851.9;-4266.27;-4030.42
701;-4030.42;-16438.6;-4233.48;-4030.42
702;-4030.42;-13856.7;-4257.06;-4030.42
703;-4030.42;-17548.5;-4249.72;-4030.42
704;-4030.42;-11503.8;-4236.05;-4030.42
705;-4030.42;-16316.3;-4245.23;-4030.42
706;-4030.42;-13084.8;-4247.73;-4030.42
707;-4030.42;-18323.7;-4280.93;-4030.42
708;-4030.42;-18323.7;-4309.75;-4030.42
709;-4030.42;-13976.2;-4287.7;-4030.42
710;-4030.42;-19646;-4261.96;-4030.42
711;-4030.42;-16316.3;-4238.73;-4030.42
712;-4030.42;-17096.1;-4337.37;-4030.42
713;-4030.42;-18323.7;-4284.72;-4030.42
714;-4030.42;-12456.8;-4273.88;-4030.42
715;-4030.42;-13110.2;-4257.63;-4030.42
716;-4030.42;-17872.4;-4244.58;-4030.42
717;-4030.42;-14861.7;-4290.15;-4030.42
718;-4030.42;-21790.1;-4287.83;-4030.42
719;-4030.42;-19646;-4342.28;-4030.42
720;-4030.42;-15593.4;-4301.2;-4030.42
721;-4030.42;-17096.1;-4263.9;-4030.42
722;-4030.42;-19883.3;-4228.68;-4030.42
723;-4030.42;-16316.3;-4322.23;-4030.42
724;-4030.42;-19646;-4305.98;-4030.42
725;-4030.42;-10219.7;-4206.39;-4030.42
726;-4030.42;-17096.1;-4302.72;-4030.42
727;-4030.42;-16316.3;-4309.47;-4030.42
728;-4030.42;-17548.5;-4270.31;-4030.42
729;-4030.42;-19883.3;-4296.79;-4030.42
730;-4030.42;-14694.7;-4280.89;-4030.42
731;-4030.42;-17096.1;-4265.49;-4030.42
732;-4030.42;-13084.8;-4254.82;-4030.42
733;-4030.42;-13976.2;-4278.05;-4030.42
734;-4030.42;-12735;-4292.75;-4030.42
735;-4030.42;-16316.3;-4277.37;-4030.42
736;-4030.42;-21790.1;-4263.63;-4030.42
737;-4030.42;-10879.7;-4264.95;-4030.42
738;-4030.42;-9302.34;-4283.33;-4030.42
739;-4030.42;-13976.2;-4302.94;-4030.42
740;-4030.42;-10267.8;-4278.27;-4030.42
741;-4030.42;-18323.7;-4248.03;-4030.42
742;-4030.42;-13976.2;-4277.83;-4030.42
743;-4030.42;-14861.7;-4236.32;-4030.42
744;-4030.42;-13976.2;-4291.57;-4030.42
745;-4030.42;-13110.2;-4292.31;-4030.42
746;-4030.42;-9838.42;-4262.57;-4030.42
747;-4030.42;-16316.3;-4241.14;-4030.42
748;-4030.42;-10290.2;-4237.9;-4030.42
749;-4030.42;-10769.6;-4255.72;-4030.42
750;-4030.42;-17548.5;-4267.99;-4030.42
751;-4030.42;-18323.7;-4295.5;-4030.42
752;-4030.42;-18851.9;-4286.93;-4030.42
753;-4030.42;-17548.5;-4279.72;-4030.42
754;-4030.42;-17548.5;-4353.7;-4030.42
755;-4030.42;-13788.3;-4250.8;-4030.42
756;-4030.42;-13084.8;-4262.63;-4030.42
757;-4030.42;-15593.4;-4248.64;-4030.42
758;-4030.42;-12456.8;-4224.58;-4030.42
759;-4030.42;-17548.5;-4271.46;-4030.42
760;-4030.42;-18323.7;-4257.27;-4030.42
761;-4030.42;-13084.8;-4245.8;-4030.42
762;-4030.42;-21790.1;-4278.21;-4030.42
763;-4030.42;-12075.6;-4304.61;-4030.42
764;-4030.42;-18851.9;-4255.13;-4030.42
765;-4030.42;-13856.7;-4276;-4030.42
766;-4030.42;-13976.2;-4332.31;-4030.42
767;-4030.42;-10219.7;-4270.29;-4030.42
768;-4030.42;-18851.9;-4265.65;-4030.42
769;-4030.42;-10143.8;-4217.58;-4030.42
770;-4030.42;-19883.3;-4299.66;-4030.42
771;-4030.42;-19646;-4226.15;-4030.42
772;-4030.42;-21790.1;-4275.78;-4030.42
773;-4030.42;-9732.19;-4217.37;-4030.42
774;-4030.42;-18323.7;-4298;-4030.42
775;-4030.42;-20561.5;-4320.88;-4030.42
776;-4030.42;-21790.1;-4310.69;-4030.42
777;-4030.42;-18851.9;-4242.36;-4030.42
778;-4030.42;-17096.1;-4318.49;-4030.42
779;-4030.42;-20537.1;-4355.15;-4030.42
780;-4030.42;-14694.7;-4254.34;-4030.42
781;-4030.42;-19646;-4277.34;-4030.42
782;-4030.42;-13856.7;-4208.66;-4030.42
783;-4030.42;-16316.3;-4243.53;-4030.42
784;-4030.42;-18323.7;-4266.94;-4030.42
785;-4030.42;-14694.7;-4296.23;-4030.42
786;-4030.42;-19883.3;-4299.65;-4030.42
787;-4030.42;-13856.7;-4198.77;-4030.42
788;-4030.42;-21790.1;-4326.56;-4030.42
789;-4030.42;-21790.1;-4293.9;-4030.42
790;-4030.42;-16316.3;-4274.58;-4030.42
791;-4030.42;-19883.3;-4297.68;-4030.42
792;-4030.42;-11845;-4250.99;-4030.42
793;-4030.42;-10043.2;-4282.74;-4030.42
794;-4030.42;-13976.2;-4280.28;-4030.42
795;-4030.42;-10171;-4270.74;-4030.42
796;-4030.42;-17548.5;-4335.33;-4030.42
797;-4030.42;-14861.7;-4257.38;-4030.42
798;-4030.42;-13856.7;-4279.06;-4030.42
799;-4030.42;-14861.7;-4261.2;-4030.42
800;-4030.42;-12735;-4223;-4030.42
801;-4030.42;-13788.3;-4252.74;-4030.42
802;-4030.42;-13788.3;-4225.52;-4030.42
803;-4030.42;-17096.1;-4263.41;-4030.42
804;-4030.42;-11845;-4235.62;-4030.42
805;-4030.42;-12735;-4212.39;-4030.42
806;-4030.42;-15593.4;-4276.84;-4030.42
807;-4030.42;-11845;-4212.16;-4030.42
808;-4030.42;-9946.47;-4235.83;-4030.42
809;-4030.42;-13976.2;-4280.95;-4030.42
810;-4030.42;-11845;-4244.36;-4030.42
811;-4030.42;-13110.2;-4269.92;-4030.42
812;-4030.42;-21790.1;-4277.5;-4030.42
813;-4030.42;-15593.4;-4275.78;-4030.42
814;-4030.42;-19646;-4273.61;-4030.42
815;-4030.42;-13856.7;-4259.98;-4030.42
816;-4030.42;-19646;-4273.6;-4030.42
817;-4030.42;-18851.9;-4341.1;-4030.42
818;-4030.42;-14861.7;-4271.1;-4030.42
819;-4030.42;-19646;-4307.99;-4030.42
820;-4030.42;-17548.5;-4296.21;-4030.42
821;-4030.42;-17096.1;-4274.94;-4030.42
822;-4030.42;-18323.7;-4283.95;-4030.42
823;-4030.42;-16438.6;-4237.21;-4030.42
824;-4030.42;-17548.5;-4328.21;-4030.42
825;-4030.42;-19883.3;-4266.17;-4030.42
826;-4030.42;-21790.1;-4299.8;-4030.42
827;-4030.42;-12287.9;-4283.06;-4030.42
828;-4030.42;-18323.7;-4271.8;-4030.42
829;-4030.42;-13856.7;-4272.17;-4030.42
830;-4030.42;-11503.8;-4272.9;-4030.42
831;-4030.42;-10851.5;-4257.83;-4030.42
832;-4030.42;-14861.7;-4250.5;-4030.42
833;-4030.42;-18323.7;-4221.61;-4030.42
834;-4030.42;-14823;-4260.59;-4030.42
835;-4030.42;-17548.5;-4286.51;-4030.42
836;-4030.42;-12456.8;-4247.86;-4030.42
837;-4030.42;-13976.2;-4290.08;-4030.42
838;-4030.42;-12456.8;-4242.38;-4030.42
839;-4030.42;-18323.7;-4291.31;-4030.42
840;-4030.42;-21790.1;-4283.34;-4030.42
841;-4030.42;-17548.5;-4291;-4030.42
842;-4030.42;-17548.5;-4304.39;-4030.42
843;-4030.42;-13788.3;-4330.1;-4030.42
844;-4030.42;-17548.5;-4325.32;-4030.42
845;-4030.42;-13856.7;-4287.36;-4030.42
846;-4030.42;-16316.3;-4257.35;-4030.42
847;-4030.42;-16438.6;-4256.71;-4030.42
848;-4030.42;-14861.7;-4220.95;-4030.42
849;-4030.42;-21790.1;-4292.85;-4030.42
850;-4030.42;-10385.8;-4273.49;-4030.42
851;-4030.42;-15593.4;-4189.45;-4030.42
852;-4030.42;-12456.8;-4230.58;-4030.42
853;-4030.42;-19883.3;-4259.19;-4030.42
854;-4030.42;-13856.7;-4248.86;-4030.42
855;-4030.42;-15593.4;-4280.17;-4030.42
856;-4030.42;-19883.3;-4265.28;-4030.42
857;-4030.42;-18851.9;-4309.44;-4030.42
858;-4030.42;-16316.3;-4297.74;-4030.42
859;-4030.42;-21790.1;-4294.93;-4030.42
860;-4030.42;-17096.1;-4340.73;-4030.42
861;-4030.42;-19646;-4265.83;-4030.42
862;-4030.42;-12075.6;-4306.91;-4030.42
863;-4030.42;-19646;-4255.54;-4030.42
864;-4030.42;-12257.5;-4245.03;-4030.42
865;-4030.42;-10939.2;-4255.66;-4030.42
866;-4030.42;-13110.2;-4257.33;-4030.42
867;-4030.42;-19646;-4346.38;-4030.42
868;-4030.42;-17548.5;-4266.43;-4030.42
869;-4030.42;-17548.5;-4335.51;-4030.42
870;-4030.42;-16979.6;-4276.47;-4030.42
871;-4030.42;-19883.3;-4253.05;-4030.42
872;-4030.42;-10043.2;-4248.98;-4030.42
873;-4030.42;-18851.9;-4316.07;-4030.42
874;-4030.42;-10851.5;-4288.04;-4030.42
875;-4030.42;-16438.6;-4209.72;-4030.42
876;-4030.42;-17096.1;-4284.65;-4030.42
877;-4030.42;-17548.5;-4256.95;-4030.42
878;-4030.42;-19646;-4256.91;-4030.42
879;-4030.42;-15593.4;-4278.75;-4030.42
880;-4030.42;-10577.9;-4243.71;-4030.42
881;-4030.42;-14694.7;-4271.62;-4030.42
882;-4030.42;-15593.4;-4315.32;-4030.42
883;-4030.42;-19883.3;-4332.7;-4030.42
884;-4030.42;-16438.6;-4284.96;-4030.42
885;-4030.42;-17096.1;-4298.32;-4030.42
886;-4030.42;-16316.3;-4288.13;-4030.42
887;-4030.42;-10863.2;-4281.58;-4030.42
888;-4030.42;-18323.7;-4260.96;-4030.42
889;-4030.42;-14694.7;-4314.29;-4030.42
890;-4030.42;-11503.8;-4298.38;-4030.42
891;-4030.42;-11691.6;-4268.8;-4030.42
892;-4030.42;-18323.7;-4398.38;-4030.42
893;-4030.42;-11583;-4277.93;-4030.42
894;-4030.42;-12287.9;-4226.83;-4030.42
895;-4030.42;-18323.7;-4271.66;-4030.42
896;-4030.42;-16438.6;-4289.07;-4030.42
897;-4030.42;-18323.7;-4266.24;-4030.42
898;-4030.42;-19883.3;-4305.84;-4030.42
899;-4030.42;-19646;-4291.41;-4030.42
900;-4030.42;-14694.7;-4270.3;-4030.42
901;-4030.42;-12287.9;-4301.33;-4030.42
902;-4030.42;-18323.7;-4297.4;-4030.42
903;-4030.42;-11583;-4256.78;-4030.42
904;-4030.42;-18323.7;-4252.67;-4030.42
905;-4030.42;-10557.4;-4244.39;-4030.42
906;-4030.42;-11774.8;-4293.48;-4030.42
907;-4030.42;-18851.9;-4318.78;-4030.42
908;-4030.42;-17096.1;-4234.52;-4030.42
909;-4030.42;-15593.4;-4275.18;-4030.42
910;-4030.42;-10267.8;-4234.33;-4030.42
911;-4030.42;-17548.5;-4253.56;-4030.42
912;-4030.42;-12287.9;-4247.89;-4030.42
913;-4030.42;-10424.2;-4254.57;-4030.42
914;-4030.42;-10851.5;-4284.83;-4030.42
915;-4030.42;-16438.6;-4239.91;-4030.42
916;-4030.42;-19883.3;-4268.04;-4030.42
917;-4030.42;-21790.1;-4278.67;-4030.42
918;-4030.42;-15593.4;-4280.72;-4030.42
919;-4030.42;-19646;-4247.48;-4030.42
920;-4030.42;-19646;-4349.49;-4030.42
921;-4030.42;-11583;-4240.47;-4030.42
922;-4030.42;-11774.8;-4291.28;-4030.42
923;-4030.42;-12075.6;-4238.81;-4030.42
924;-4030.42;-12257.5;-4268.29;-4030.42
925;-4030.42;-10088.6;-4224.81;-4030.42
926;-4030.42;-17548.5;-4246.15;-4030.42
927;-4030.42;-16316.3;-4257.76;-4030.42
928;-4030.42;-18323.7;-4236.17;-4030.42
929;-4030.42;-21790.1;-4350.82;-4030.42
930;-4030.42;-17548.5;-4244.46;-4030.42
931;-4030.42;-13084.8;-4242.83;-4030.42
932;-4030.42;-9329.15;-4260.49;-4030.42
933;-4030.42;-13856.7;-4257.71;-4030.42
934;-4030.42;-10143.8;-4256.69;-4030.42
935;-4030.42;-10290.2;-4238.83;-4030.42
936;-4030.42;-21790.1;-4295.72;-4030.42
937;-4030.42;-16456.6;-4281.2;-4030.42
938;-4030.42;-10635.3;-4245.48;-4030.42
939;-4030.42;-19883.3;-4267.23;-4030.42
940;-4030.42;-16438.6;-4293.66;-4030.42
941;-4030.42;-17096.1;-4273.6;-4030.42
942;-4030.42;-21790.1;-4343.36;-4030.42
943;-4030.42;-17548.5;-4317.77;-4030.42
944;-4030.42;-14861.7;-4283.1;-4030.42
945;-4030.42;-17096.1;-4285.71;-4030.42
946;-4030.42;-12036.2;-4237.74;-4030.42
947;-4030.42;-16316.3;-4280.1;-4030.42
948;-4030.42;-11503.8;-4276.33;-4030.42
949;-4030.42;-14823;-4275.56;-4030.42
950;-4030.42;-18323.7;-4299.94;-4030.42
951;-4030.42;-17096.1;-4292.08;-4030.42
952;-4030.42;-15593.4;-4321.71;-4030.42
953;-4030.42;-9847.38;-4242.01;-4030.42
954;-4030.42;-12075.6;-4220.57;-4030.42
955;-4030.42;-12735;-4257.4;-4030.42
956;-4030.42;-19646;-4248.3;-4030.42
957;-4030.42;-18851.9;-4261.72;-4030.42
958;-4030.42;-13788.3;-4253.05;-4030.42
959;-4030.42;-18968.5;-4267.54;-4030.42
960;-4030.42;-17548.5;-4262.93;-4030.42
961;-4030.42;-17548.5;-4288.37;-4030.42
962;-4030.42;-17096.1;-4294.92;-4030.42
963;-4030.42;-21790.1;-4297.54;-4030.42
964;-4030.42;-13976.2;-4281.08;-4030.42
965;-4030.42;-14823;-4314.5;-4030.42
966;-4030.42;-18323.7;-4326.25;-4030.42
967;-4030.42;-17096.1;-4292.68;-4030.42
968;-4030.42;-18323.7;-4309.55;-4030.42
969;-4030.42;-11845;-4275.66;-4030.42
970;-4030.42;-14428.1;-4268.47;-4030.42
971;-4030.42;-14861.7;-4333.5;-4030.42
972;-4030.42;-11234.4;-4296.71;-4030.42
973;-4030.42;-14861.7;-4265.46;-4030.42
974;-4030.42;-18851.9;-4286.65;-4030.42
975;-4030.42;-13976.2;-4262.58;-4030.42
976;-4030.42;-13976.2;-4276.86;-4030.42
977;-4030.42;-13110.2;-4278.97;-4030.42
978;-4030.42;-19646;-4298.39;-4030.42
979;-4030.42;-17548.5;-4271.15;-4030.42
980;-4030.42;-17548.5;-4312.56;-4030.42
981;-4030.42;-14289.5;-4240.17;-4030.42
982;-4030.42;-16316.3;-4297.61;-4030.42
983;-4030.42;-12456.8;-4259;-4030.42
984;-4030.42;-12456.8;-4270.07;-4030.42
985;-4030.42;-14694.7;-4277.5;-4030.42
986;-4030.42;-18851.9;-4298.24;-4030.42
987;-4030.42;-17548.5;-4254.2;-4030.42
988;-4030.42;-14694.7;-4235.38;-4030.42
989;-4030.42;-12036.2;-4268.37;-4030.42
990;-4030.42;-18323.7;-4285.47;-4030.42
991;-4030.42;-13110.2;-4286.83;-4030.42
992;-4030.42;-16438.6;-4276.77;-4030.42
993;-4030.42;-12735;-4281.58;-4030.42
994;-4030.42;-14694.7;-4249.01;-4030.42
995;-4030.42;-16316.3;-4274.95;-4030.42
996;-4030.42;-13110.2;-4237.97;-4030.42
997;-4030.42;-21790.1;-4294.72;-4030.42
998;-4030.42;-13788.3;-4304.52;-4030.42
999;-4030.42;-10143.8;-4219.58;-4030.42
Best solution:
	TSP: [36, 3, 17, 7, 2, 42, 30, 23, 31, 18, 45, 19, 41, 8, 9, 10, 33, 43, 4, 25, 6, 15, 5, 24, 48, 38, 37, 40, 39, 32, 1, 50, 29, 16, 12, 51, 11, 28, 27, 13, 52, 14, 47, 26, 46, 34, 44, 20, 21, 22, 49, 35]
KSP: 