Iterations;Overall best;Worst;Average;Best
0;-3.88048e+06;-4.97294e+06;-4.49399e+06;-3.88048e+06
1;-3.59185e+06;-4.60834e+06;-4.08319e+06;-3.59185e+06
2;-3.52666e+06;-4.32345e+06;-3.88104e+06;-3.52666e+06
3;-3.45223e+06;-3.97597e+06;-3.61864e+06;-3.45223e+06
4;-3.37508e+06;-3.69576e+06;-3.51257e+06;-3.37508e+06
5;-3.28089e+06;-3.68636e+06;-3.45326e+06;-3.28089e+06
6;-3.25898e+06;-3.69068e+06;-3.4053e+06;-3.25898e+06
7;-3.22535e+06;-3.55981e+06;-3.35721e+06;-3.22535e+06
8;-3.15152e+06;-3.54054e+06;-3.31456e+06;-3.15152e+06
9;-3.13888e+06;-3.69468e+06;-3.28382e+06;-3.13888e+06
10;-3.10694e+06;-3.44842e+06;-3.23905e+06;-3.10694e+06
11;-3.0405e+06;-3.45621e+06;-3.2107e+06;-3.0405e+06
12;-2.97698e+06;-3.44377e+06;-3.16187e+06;-2.97698e+06
13;-2.97267e+06;-3.31977e+06;-3.12374e+06;-2.97267e+06
14;-2.94898e+06;-3.2959e+06;-3.08266e+06;-2.94898e+06
15;-2.86598e+06;-3.25749e+06;-3.05989e+06;-2.86598e+06
16;-2.85302e+06;-3.20451e+06;-3.00758e+06;-2.85302e+06
17;-2.77649e+06;-3.19336e+06;-2.97269e+06;-2.77649e+06
18;-2.76485e+06;-3.21596e+06;-2.92059e+06;-2.76485e+06
19;-2.73761e+06;-3.21627e+06;-2.8928e+06;-2.73761e+06
20;-2.73682e+06;-3.11128e+06;-2.87952e+06;-2.73682e+06
21;-2.70636e+06;-3.03548e+06;-2.83953e+06;-2.70636e+06
22;-2.70636e+06;-3.04922e+06;-2.83276e+06;-2.73091e+06
23;-2.70636e+06;-3.06338e+06;-2.83481e+06;-2.73528e+06
24;-2.69462e+06;-2.97458e+06;-2.8297e+06;-2.69462e+06
25;-2.69462e+06;-3.02153e+06;-2.82535e+06;-2.6978e+06
26;-2.69253e+06;-3.08415e+06;-2.81813e+06;-2.69253e+06
27;-2.69188e+06;-3.05268e+06;-2.81326e+06;-2.69188e+06
28;-2.66772e+06;-3.00262e+06;-2.7938e+06;-2.66772e+06
29;-2.64149e+06;-3.03268e+06;-2.78747e+06;-2.64149e+06
30;-2.63813e+06;-3.10278e+06;-2.78749e+06;-2.63813e+06
31;-2.60952e+06;-2.96298e+06;-2.75802e+06;-2.60952e+06
32;-2.6025e+06;-3.03014e+06;-2.7533e+06;-2.6025e+06
33;-2.56959e+06;-3.05654e+06;-2.74195e+06;-2.56959e+06
34;-2.56959e+06;-2.95092e+06;-2.72728e+06;-2.58694e+06
35;-2.56959e+06;-2.97019e+06;-2.69652e+06;-2.59239e+06
36;-2.55794e+06;-2.88343e+06;-2.68642e+06;-2.55794e+06
37;-2.55794e+06;-2.95623e+06;-2.69193e+06;-2.5824e+06
38;-2.55794e+06;-2.89994e+06;-2.68554e+06;-2.5646e+06
39;-2.52537e+06;-2.92488e+06;-2.6798e+06;-2.52537e+06
40;-2.46324e+06;-2.91629e+06;-2.65457e+06;-2.46324e+06
41;-2.45111e+06;-2.83265e+06;-2.61078e+06;-2.45111e+06
42;-2.45111e+06;-2.88008e+06;-2.59495e+06;-2.47579e+06
43;-2.45111e+06;-2.70121e+06;-2.56116e+06;-2.47163e+06
44;-2.45111e+06;-2.86196e+06;-2.58056e+06;-2.47221e+06
45;-2.44902e+06;-2.8169e+06;-2.58577e+06;-2.44902e+06
46;-2.44552e+06;-2.7538e+06;-2.55321e+06;-2.44552e+06
47;-2.44264e+06;-2.79761e+06;-2.56249e+06;-2.44264e+06
48;-2.42294e+06;-2.7711e+06;-2.55027e+06;-2.42294e+06
49;-2.42294e+06;-2.72354e+06;-2.55356e+06;-2.42483e+06
50;-2.41382e+06;-2.73904e+06;-2.5555e+06;-2.41382e+06
51;-2.36524e+06;-2.72977e+06;-2.54316e+06;-2.36524e+06
52;-2.34958e+06;-2.76894e+06;-2.52159e+06;-2.34958e+06
53;-2.34958e+06;-2.79759e+06;-2.50306e+06;-2.35324e+06
54;-2.33569e+06;-2.64686e+06;-2.4733e+06;-2.33569e+06
55;-2.31994e+06;-2.7788e+06;-2.50472e+06;-2.31994e+06
56;-2.31994e+06;-2.79758e+06;-2.49354e+06;-2.34078e+06
57;-2.31994e+06;-2.69243e+06;-2.49156e+06;-2.33282e+06
58;-2.31994e+06;-2.81865e+06;-2.4698e+06;-2.33473e+06
59;-2.29951e+06;-2.68655e+06;-2.4641e+06;-2.29951e+06
60;-2.29951e+06;-2.75639e+06;-2.44265e+06;-2.31328e+06
61;-2.29951e+06;-2.67132e+06;-2.43264e+06;-2.31722e+06
62;-2.25535e+06;-2.5862e+06;-2.42316e+06;-2.25535e+06
63;-2.25535e+06;-2.57481e+06;-2.39865e+06;-2.25936e+06
64;-2.25535e+06;-2.56137e+06;-2.38048e+06;-2.2572e+06
65;-2.23951e+06;-2.55794e+06;-2.37905e+06;-2.23951e+06
66;-2.23951e+06;-2.75706e+06;-2.36987e+06;-2.23991e+06
67;-2.23578e+06;-2.5694e+06;-2.37414e+06;-2.23578e+06
68;-2.2238e+06;-2.644e+06;-2.37165e+06;-2.2238e+06
69;-2.21562e+06;-2.58037e+06;-2.35439e+06;-2.21562e+06
70;-2.20009e+06;-2.60399e+06;-2.34525e+06;-2.20009e+06
71;-2.20009e+06;-2.52563e+06;-2.3363e+06;-2.20646e+06
72;-2.19559e+06;-2.51762e+06;-2.34224e+06;-2.19559e+06
73;-2.17568e+06;-2.53356e+06;-2.32697e+06;-2.17568e+06
74;-2.17568e+06;-2.49802e+06;-2.32637e+06;-2.21173e+06
75;-2.17568e+06;-2.64184e+06;-2.34146e+06;-2.21e+06
76;-2.17568e+06;-2.56607e+06;-2.33723e+06;-2.20828e+06
77;-2.17568e+06;-2.57978e+06;-2.34094e+06;-2.21674e+06
78;-2.17568e+06;-2.57232e+06;-2.34178e+06;-2.20501e+06
79;-2.17568e+06;-2.58205e+06;-2.36405e+06;-2.22374e+06
80;-2.17568e+06;-2.56905e+06;-2.35686e+06;-2.22021e+06
81;-2.17568e+06;-2.55284e+06;-2.34816e+06;-2.22097e+06
82;-2.17568e+06;-2.54445e+06;-2.34548e+06;-2.22755e+06
83;-2.17568e+06;-2.6027e+06;-2.34127e+06;-2.22923e+06
84;-2.17568e+06;-2.55387e+06;-2.34047e+06;-2.226e+06
85;-2.17568e+06;-2.49847e+06;-2.33329e+06;-2.22226e+06
86;-2.17568e+06;-2.49572e+06;-2.337e+06;-2.20139e+06
87;-2.17568e+06;-2.51756e+06;-2.34922e+06;-2.22516e+06
88;-2.17568e+06;-2.53993e+06;-2.35329e+06;-2.22941e+06
89;-2.17568e+06;-2.57714e+06;-2.35479e+06;-2.23865e+06
90;-2.17568e+06;-2.54329e+06;-2.35899e+06;-2.24397e+06
91;-2.17568e+06;-2.54266e+06;-2.36006e+06;-2.23627e+06
92;-2.17568e+06;-2.54618e+06;-2.36512e+06;-2.26148e+06
93;-2.17568e+06;-2.54776e+06;-2.38102e+06;-2.24699e+06
94;-2.17568e+06;-2.6339e+06;-2.37074e+06;-2.18925e+06
95;-2.17568e+06;-2.55704e+06;-2.34762e+06;-2.2178e+06
96;-2.17568e+06;-2.65609e+06;-2.32849e+06;-2.20516e+06
97;-2.17568e+06;-2.57015e+06;-2.32956e+06;-2.20965e+06
98;-2.17568e+06;-2.53141e+06;-2.31883e+06;-2.19683e+06
99;-2.17568e+06;-2.53728e+06;-2.32556e+06;-2.20301e+06
100;-2.17568e+06;-2.51508e+06;-2.31886e+06;-2.20285e+06
101;-2.17568e+06;-2.76495e+06;-2.31877e+06;-2.19573e+06
102;-2.17568e+06;-2.55555e+06;-2.30488e+06;-2.19514e+06
103;-2.17568e+06;-2.51666e+06;-2.31197e+06;-2.19086e+06
104;-2.1689e+06;-2.51807e+06;-2.31664e+06;-2.1689e+06
105;-2.1689e+06;-2.53122e+06;-2.30925e+06;-2.17495e+06
106;-2.16832e+06;-2.51026e+06;-2.30728e+06;-2.16832e+06
107;-2.11931e+06;-2.51826e+06;-2.291e+06;-2.11931e+06
108;-2.11931e+06;-2.54771e+06;-2.27187e+06;-2.13844e+06
109;-2.11931e+06;-2.49364e+06;-2.25741e+06;-2.14044e+06
110;-2.11931e+06;-2.43471e+06;-2.24469e+06;-2.14005e+06
111;-2.11931e+06;-2.51838e+06;-2.25175e+06;-2.13323e+06
112;-2.11931e+06;-2.52384e+06;-2.24086e+06;-2.12099e+06
113;-2.10907e+06;-2.50525e+06;-2.23787e+06;-2.10907e+06
114;-2.10003e+06;-2.38382e+06;-2.22281e+06;-2.10003e+06
115;-2.10003e+06;-2.4477e+06;-2.23166e+06;-2.11021e+06
116;-2.10003e+06;-2.42915e+06;-2.2288e+06;-2.11527e+06
117;-2.10003e+06;-2.41059e+06;-2.22539e+06;-2.10793e+06
118;-2.09231e+06;-2.49569e+06;-2.22263e+06;-2.09231e+06
119;-2.09231e+06;-2.43112e+06;-2.22516e+06;-2.10252e+06
120;-2.08433e+06;-2.47706e+06;-2.235e+06;-2.08433e+06
121;-2.08433e+06;-2.38301e+06;-2.23081e+06;-2.09469e+06
122;-2.08433e+06;-2.44748e+06;-2.2174e+06;-2.08555e+06
123;-2.08427e+06;-2.45942e+06;-2.23111e+06;-2.08427e+06
124;-2.05722e+06;-2.47354e+06;-2.22072e+06;-2.05722e+06
125;-2.05722e+06;-2.4911e+06;-2.20595e+06;-2.08218e+06
126;-2.03481e+06;-2.63458e+06;-2.20819e+06;-2.03481e+06
127;-2.03481e+06;-2.51293e+06;-2.22959e+06;-2.04589e+06
128;-2.03481e+06;-2.47529e+06;-2.19367e+06;-2.04978e+06
129;-2.03481e+06;-2.38972e+06;-2.16223e+06;-2.05204e+06
130;-2.03481e+06;-2.37171e+06;-2.15715e+06;-2.05544e+06
131;-2.03199e+06;-2.35207e+06;-2.16206e+06;-2.03199e+06
132;-2.03199e+06;-2.35672e+06;-2.16326e+06;-2.04262e+06
133;-2.03199e+06;-2.44798e+06;-2.17926e+06;-2.048e+06
134;-2.03199e+06;-2.56912e+06;-2.18406e+06;-2.06296e+06
135;-2.03199e+06;-2.36098e+06;-2.19052e+06;-2.07451e+06
136;-2.03199e+06;-2.3773e+06;-2.20496e+06;-2.08498e+06
137;-2.03199e+06;-2.4108e+06;-2.20985e+06;-2.09342e+06
138;-2.03199e+06;-2.53096e+06;-2.21038e+06;-2.08098e+06
139;-2.03199e+06;-2.47288e+06;-2.19947e+06;-2.05113e+06
140;-2.03199e+06;-2.33954e+06;-2.17175e+06;-2.06923e+06
141;-2.03199e+06;-2.41685e+06;-2.17968e+06;-2.07338e+06
142;-2.03199e+06;-2.46051e+06;-2.19208e+06;-2.07642e+06
143;-2.03199e+06;-2.39661e+06;-2.18914e+06;-2.06591e+06
144;-2.03199e+06;-2.44403e+06;-2.18938e+06;-2.08966e+06
145;-2.03199e+06;-2.3929e+06;-2.20263e+06;-2.08714e+06
146;-2.03199e+06;-2.45149e+06;-2.19428e+06;-2.08275e+06
147;-2.03199e+06;-2.45166e+06;-2.20773e+06;-2.07872e+06
148;-2.03199e+06;-2.48083e+06;-2.20408e+06;-2.06628e+06
149;-2.03199e+06;-2.42683e+06;-2.1986e+06;-2.05699e+06
150;-2.03199e+06;-2.44816e+06;-2.2003e+06;-2.08126e+06
151;-2.03199e+06;-2.47675e+06;-2.219e+06;-2.08518e+06
152;-2.03199e+06;-2.51353e+06;-2.22395e+06;-2.10508e+06
153;-2.03199e+06;-2.45745e+06;-2.21401e+06;-2.08507e+06
154;-2.03199e+06;-2.44575e+06;-2.19372e+06;-2.08374e+06
155;-2.03199e+06;-2.42802e+06;-2.20696e+06;-2.06672e+06
156;-2.03199e+06;-2.4426e+06;-2.19937e+06;-2.04911e+06
157;-2.03199e+06;-2.37283e+06;-2.19216e+06;-2.06234e+06
158;-2.03199e+06;-2.4128e+06;-2.19834e+06;-2.06598e+06
159;-2.03199e+06;-2.53221e+06;-2.20361e+06;-2.08019e+06
160;-2.03199e+06;-2.42065e+06;-2.19864e+06;-2.05546e+06
161;-2.03199e+06;-2.47109e+06;-2.21253e+06;-2.06808e+06
162;-2.03199e+06;-2.5319e+06;-2.20815e+06;-2.09945e+06
163;-2.03199e+06;-2.40035e+06;-2.21083e+06;-2.09133e+06
164;-2.03199e+06;-2.45476e+06;-2.22022e+06;-2.09731e+06
165;-2.03199e+06;-2.42014e+06;-2.23458e+06;-2.12405e+06
166;-2.03199e+06;-2.49037e+06;-2.2494e+06;-2.12871e+06
167;-2.03199e+06;-2.67456e+06;-2.25792e+06;-2.10962e+06
168;-2.03199e+06;-2.51156e+06;-2.25608e+06;-2.11856e+06
169;-2.03199e+06;-2.45217e+06;-2.25753e+06;-2.14002e+06
170;-2.03199e+06;-2.54958e+06;-2.26006e+06;-2.14263e+06
171;-2.03199e+06;-2.47542e+06;-2.25843e+06;-2.14563e+06
172;-2.03199e+06;-2.44845e+06;-2.25399e+06;-2.14379e+06
173;-2.03199e+06;-2.52285e+06;-2.27284e+06;-2.14399e+06
174;-2.03199e+06;-2.62861e+06;-2.26155e+06;-2.13186e+06
175;-2.03199e+06;-2.4171e+06;-2.24926e+06;-2.12696e+06
176;-2.03199e+06;-2.39067e+06;-2.23412e+06;-2.11733e+06
177;-2.03199e+06;-2.41704e+06;-2.22711e+06;-2.08155e+06
178;-2.03199e+06;-2.53538e+06;-2.23438e+06;-2.08534e+06
179;-2.03199e+06;-2.45822e+06;-2.21541e+06;-2.10388e+06
180;-2.03199e+06;-2.43623e+06;-2.21852e+06;-2.10135e+06
181;-2.03199e+06;-2.37524e+06;-2.20121e+06;-2.07187e+06
182;-2.03199e+06;-2.46955e+06;-2.21892e+06;-2.08206e+06
183;-2.03199e+06;-2.40444e+06;-2.21098e+06;-2.08366e+06
184;-2.03199e+06;-2.38819e+06;-2.19763e+06;-2.07877e+06
185;-2.03199e+06;-2.4449e+06;-2.19027e+06;-2.06098e+06
186;-2.03199e+06;-2.41098e+06;-2.19407e+06;-2.08525e+06
187;-2.03199e+06;-2.44246e+06;-2.20393e+06;-2.08332e+06
188;-2.03199e+06;-2.38369e+06;-2.19407e+06;-2.08053e+06
189;-2.03199e+06;-2.386e+06;-2.19264e+06;-2.08053e+06
190;-2.03199e+06;-2.3481e+06;-2.20477e+06;-2.08886e+06
191;-2.03199e+06;-2.42672e+06;-2.2266e+06;-2.07877e+06
192;-2.03199e+06;-2.48212e+06;-2.22996e+06;-2.08097e+06
193;-2.03199e+06;-2.40714e+06;-2.19448e+06;-2.06791e+06
194;-2.03199e+06;-2.39386e+06;-2.19463e+06;-2.04864e+06
195;-2.03184e+06;-2.38942e+06;-2.17736e+06;-2.03184e+06
196;-2.03184e+06;-2.34571e+06;-2.18284e+06;-2.06268e+06
197;-2.03184e+06;-2.34107e+06;-2.17148e+06;-2.06151e+06
198;-2.03184e+06;-2.45136e+06;-2.18506e+06;-2.07882e+06
199;-2.03184e+06;-2.42902e+06;-2.19661e+06;-2.03358e+06
200;-2.03184e+06;-2.39979e+06;-2.1814e+06;-2.0498e+06
201;-2.03184e+06;-2.40599e+06;-2.17222e+06;-2.05409e+06
202;-2.03184e+06;-2.39618e+06;-2.17601e+06;-2.06568e+06
203;-2.03184e+06;-2.37977e+06;-2.17128e+06;-2.075e+06
204;-2.03184e+06;-2.39174e+06;-2.18108e+06;-2.07501e+06
205;-2.03184e+06;-2.42662e+06;-2.19173e+06;-2.07497e+06
206;-2.03184e+06;-2.40366e+06;-2.20248e+06;-2.08352e+06
207;-2.03184e+06;-2.37064e+06;-2.19925e+06;-2.09587e+06
208;-2.03184e+06;-2.41223e+06;-2.2029e+06;-2.09302e+06
209;-2.03184e+06;-2.352e+06;-2.20463e+06;-2.09812e+06
210;-2.03184e+06;-2.34584e+06;-2.20761e+06;-2.06867e+06
211;-2.03184e+06;-2.47444e+06;-2.22862e+06;-2.09991e+06
212;-2.03184e+06;-2.45941e+06;-2.22093e+06;-2.05494e+06
213;-2.03184e+06;-2.466e+06;-2.21383e+06;-2.09893e+06
214;-2.03184e+06;-2.43096e+06;-2.21742e+06;-2.09756e+06
215;-2.03184e+06;-2.40482e+06;-2.228e+06;-2.09079e+06
216;-2.03184e+06;-2.45635e+06;-2.2375e+06;-2.04885e+06
217;-2.03184e+06;-2.4401e+06;-2.23761e+06;-2.04951e+06
218;-2.03184e+06;-2.49142e+06;-2.22755e+06;-2.10982e+06
219;-2.03184e+06;-2.40823e+06;-2.23127e+06;-2.10992e+06
220;-2.03184e+06;-2.44102e+06;-2.23185e+06;-2.1104e+06
221;-2.03184e+06;-2.51596e+06;-2.24924e+06;-2.11542e+06
222;-2.03184e+06;-2.51174e+06;-2.24365e+06;-2.10879e+06
223;-2.03184e+06;-2.48136e+06;-2.23857e+06;-2.09038e+06
224;-2.03184e+06;-2.4136e+06;-2.22242e+06;-2.09732e+06
225;-2.03184e+06;-2.42182e+06;-2.21306e+06;-2.09027e+06
226;-2.03184e+06;-2.59234e+06;-2.21198e+06;-2.07717e+06
227;-2.03184e+06;-2.5381e+06;-2.20464e+06;-2.07764e+06
228;-2.03184e+06;-2.39991e+06;-2.19643e+06;-2.06272e+06
229;-2.03184e+06;-2.41111e+06;-2.20723e+06;-2.07234e+06
230;-2.03184e+06;-2.36642e+06;-2.21251e+06;-2.10539e+06
231;-2.03184e+06;-2.50816e+06;-2.2271e+06;-2.09911e+06
232;-2.03184e+06;-2.50494e+06;-2.25623e+06;-2.11198e+06
233;-2.03184e+06;-2.41448e+06;-2.228e+06;-2.11935e+06
234;-2.03184e+06;-2.48236e+06;-2.24498e+06;-2.11139e+06
235;-2.03184e+06;-2.42432e+06;-2.24483e+06;-2.14071e+06
236;-2.03184e+06;-2.5075e+06;-2.2598e+06;-2.13298e+06
237;-2.03184e+06;-2.54383e+06;-2.26154e+06;-2.12769e+06
238;-2.03184e+06;-2.49346e+06;-2.25871e+06;-2.1203e+06
239;-2.03184e+06;-2.60918e+06;-2.2535e+06;-2.11971e+06
240;-2.03184e+06;-2.55328e+06;-2.24156e+06;-2.13643e+06
241;-2.03184e+06;-2.36724e+06;-2.23735e+06;-2.1318e+06
242;-2.03184e+06;-2.41154e+06;-2.25219e+06;-2.11498e+06
243;-2.03184e+06;-2.47833e+06;-2.25611e+06;-2.10937e+06
244;-2.03184e+06;-2.46827e+06;-2.24752e+06;-2.1256e+06
245;-2.03184e+06;-2.49826e+06;-2.25074e+06;-2.12903e+06
246;-2.03184e+06;-2.48258e+06;-2.24855e+06;-2.1113e+06
247;-2.03184e+06;-2.44741e+06;-2.2438e+06;-2.10582e+06
248;-2.03184e+06;-2.38001e+06;-2.22701e+06;-2.07427e+06
249;-2.03184e+06;-2.45641e+06;-2.21565e+06;-2.10138e+06
250;-2.03184e+06;-2.4163e+06;-2.21708e+06;-2.08672e+06
251;-2.03184e+06;-2.42393e+06;-2.21313e+06;-2.11178e+06
252;-2.03184e+06;-2.36264e+06;-2.22359e+06;-2.10911e+06
253;-2.03184e+06;-2.47994e+06;-2.22901e+06;-2.10177e+06
254;-2.03184e+06;-2.45339e+06;-2.24246e+06;-2.11027e+06
255;-2.03184e+06;-2.41363e+06;-2.24577e+06;-2.11173e+06
256;-2.03184e+06;-2.44059e+06;-2.2614e+06;-2.1202e+06
257;-2.03184e+06;-2.50567e+06;-2.25137e+06;-2.09505e+06
258;-2.03184e+06;-2.46449e+06;-2.2565e+06;-2.11623e+06
259;-2.03184e+06;-2.45946e+06;-2.26687e+06;-2.12942e+06
260;-2.03184e+06;-2.44768e+06;-2.25742e+06;-2.13615e+06
261;-2.03184e+06;-2.50651e+06;-2.25394e+06;-2.1276e+06
262;-2.03184e+06;-2.4382e+06;-2.2527e+06;-2.12469e+06
263;-2.03184e+06;-2.44339e+06;-2.26691e+06;-2.11175e+06
264;-2.03184e+06;-2.48928e+06;-2.25598e+06;-2.12088e+06
265;-2.03184e+06;-2.43303e+06;-2.24012e+06;-2.11082e+06
266;-2.03184e+06;-2.44966e+06;-2.23353e+06;-2.1151e+06
267;-2.03184e+06;-2.47902e+06;-2.23428e+06;-2.10259e+06
268;-2.03184e+06;-2.38654e+06;-2.23246e+06;-2.10498e+06
269;-2.03184e+06;-2.40244e+06;-2.22835e+06;-2.12458e+06
270;-2.03184e+06;-2.39674e+06;-2.24353e+06;-2.12697e+06
271;-2.03184e+06;-2.43494e+06;-2.23133e+06;-2.11341e+06
272;-2.03184e+06;-2.38912e+06;-2.22749e+06;-2.13169e+06
273;-2.03184e+06;-2.42771e+06;-2.24861e+06;-2.13102e+06
274;-2.03184e+06;-2.4177e+06;-2.2485e+06;-2.14195e+06
275;-2.03184e+06;-2.42361e+06;-2.25666e+06;-2.14781e+06
276;-2.03184e+06;-2.61123e+06;-2.27613e+06;-2.15002e+06
277;-2.03184e+06;-2.44994e+06;-2.26511e+06;-2.11862e+06
278;-2.03184e+06;-2.55938e+06;-2.27473e+06;-2.12725e+06
279;-2.03184e+06;-2.4104e+06;-2.25582e+06;-2.11607e+06
280;-2.03184e+06;-2.52482e+06;-2.26494e+06;-2.15224e+06
281;-2.03184e+06;-2.50303e+06;-2.2666e+06;-2.15406e+06
282;-2.03184e+06;-2.49405e+06;-2.26294e+06;-2.15714e+06
283;-2.03184e+06;-2.4197e+06;-2.27039e+06;-2.16719e+06
284;-2.03184e+06;-2.4949e+06;-2.27252e+06;-2.16743e+06
285;-2.03184e+06;-2.43222e+06;-2.26589e+06;-2.14545e+06
286;-2.03184e+06;-2.4272e+06;-2.26866e+06;-2.16997e+06
287;-2.03184e+06;-2.44288e+06;-2.27708e+06;-2.1538e+06
288;-2.03184e+06;-2.48916e+06;-2.27761e+06;-2.16786e+06
289;-2.03184e+06;-2.42889e+06;-2.28045e+06;-2.17849e+06
290;-2.03184e+06;-2.6257e+06;-2.30448e+06;-2.18198e+06
291;-2.03184e+06;-2.48067e+06;-2.29621e+06;-2.16936e+06
292;-2.03184e+06;-2.47515e+06;-2.29104e+06;-2.17417e+06
293;-2.03184e+06;-2.50475e+06;-2.28294e+06;-2.15213e+06
294;-2.03184e+06;-2.67352e+06;-2.27779e+06;-2.1438e+06
295;-2.03184e+06;-2.52456e+06;-2.27157e+06;-2.1567e+06
296;-2.03184e+06;-2.43824e+06;-2.26329e+06;-2.15258e+06
297;-2.03184e+06;-2.47294e+06;-2.26474e+06;-2.13323e+06
298;-2.03184e+06;-2.50074e+06;-2.25766e+06;-2.10675e+06
299;-2.03184e+06;-2.37199e+06;-2.22906e+06;-2.10163e+06
300;-2.03184e+06;-2.49708e+06;-2.22693e+06;-2.1102e+06
301;-2.03184e+06;-2.4654e+06;-2.22506e+06;-2.09771e+06
302;-2.03184e+06;-2.43928e+06;-2.23771e+06;-2.10596e+06
303;-2.03184e+06;-2.46014e+06;-2.24762e+06;-2.0956e+06
304;-2.03184e+06;-2.45431e+06;-2.23848e+06;-2.0824e+06
305;-2.03184e+06;-2.61515e+06;-2.21716e+06;-2.08701e+06
306;-2.03184e+06;-2.53063e+06;-2.212e+06;-2.09271e+06
307;-2.03184e+06;-2.38343e+06;-2.21801e+06;-2.09408e+06
308;-2.03184e+06;-2.46202e+06;-2.22186e+06;-2.11871e+06
309;-2.03184e+06;-2.47354e+06;-2.23536e+06;-2.10858e+06
310;-2.03184e+06;-2.46577e+06;-2.23803e+06;-2.11177e+06
311;-2.03184e+06;-2.38563e+06;-2.22095e+06;-2.10369e+06
312;-2.03184e+06;-2.60906e+06;-2.22418e+06;-2.11036e+06
313;-2.03184e+06;-2.41996e+06;-2.21684e+06;-2.11328e+06
314;-2.03184e+06;-2.44653e+06;-2.24115e+06;-2.11609e+06
315;-2.03184e+06;-2.38709e+06;-2.2466e+06;-2.11836e+06
316;-2.03184e+06;-2.43598e+06;-2.23866e+06;-2.11965e+06
317;-2.03184e+06;-2.51955e+06;-2.2241e+06;-2.10265e+06
318;-2.03184e+06;-2.45939e+06;-2.20979e+06;-2.10646e+06
319;-2.03184e+06;-2.37432e+06;-2.20875e+06;-2.09544e+06
320;-2.03184e+06;-2.46208e+06;-2.22265e+06;-2.11182e+06
321;-2.03184e+06;-2.40477e+06;-2.22729e+06;-2.08864e+06
322;-2.03184e+06;-2.60141e+06;-2.24374e+06;-2.07906e+06
323;-2.03184e+06;-2.3748e+06;-2.20687e+06;-2.07234e+06
324;-2.03184e+06;-2.41932e+06;-2.19297e+06;-2.09676e+06
325;-2.03184e+06;-2.40304e+06;-2.2018e+06;-2.08523e+06
326;-2.03184e+06;-2.4528e+06;-2.20825e+06;-2.10608e+06
327;-2.03184e+06;-2.43313e+06;-2.20556e+06;-2.10207e+06
328;-2.03184e+06;-2.41174e+06;-2.21026e+06;-2.05848e+06
329;-2.03184e+06;-2.42642e+06;-2.21754e+06;-2.0915e+06
330;-2.03184e+06;-2.39221e+06;-2.20181e+06;-2.10788e+06
331;-2.03184e+06;-2.39451e+06;-2.20788e+06;-2.11129e+06
332;-2.03184e+06;-2.52444e+06;-2.21618e+06;-2.1013e+06
333;-2.03184e+06;-2.41757e+06;-2.22825e+06;-2.08017e+06
334;-2.03184e+06;-2.52851e+06;-2.21879e+06;-2.08e+06
335;-2.03184e+06;-2.56576e+06;-2.23094e+06;-2.0888e+06
336;-2.03184e+06;-2.43576e+06;-2.22457e+06;-2.08482e+06
337;-2.03184e+06;-2.50501e+06;-2.22927e+06;-2.10916e+06
338;-2.03184e+06;-2.45747e+06;-2.21949e+06;-2.11302e+06
339;-2.03184e+06;-2.50258e+06;-2.21256e+06;-2.08444e+06
340;-2.03184e+06;-2.44142e+06;-2.22519e+06;-2.08659e+06
341;-2.03184e+06;-2.39832e+06;-2.21557e+06;-2.08331e+06
342;-2.03184e+06;-2.42148e+06;-2.20819e+06;-2.07416e+06
343;-2.03184e+06;-2.34598e+06;-2.17763e+06;-2.07478e+06
344;-2.03184e+06;-2.3818e+06;-2.18268e+06;-2.0994e+06
345;-2.03184e+06;-2.37386e+06;-2.19312e+06;-2.09302e+06
346;-2.03184e+06;-2.48069e+06;-2.21498e+06;-2.06887e+06
347;-2.03184e+06;-2.4665e+06;-2.20766e+06;-2.05691e+06
348;-2.03184e+06;-2.33518e+06;-2.17577e+06;-2.05367e+06
349;-2.03184e+06;-2.35203e+06;-2.16389e+06;-2.03475e+06
350;-2.03168e+06;-2.40422e+06;-2.15531e+06;-2.03168e+06
351;-2.03168e+06;-2.37044e+06;-2.1662e+06;-2.05428e+06
352;-2.02776e+06;-2.52403e+06;-2.19702e+06;-2.02776e+06
353;-2.02776e+06;-2.38939e+06;-2.18405e+06;-2.04096e+06
354;-2.02776e+06;-2.35069e+06;-2.15974e+06;-2.04185e+06
355;-2.02776e+06;-2.44859e+06;-2.14896e+06;-2.03986e+06
356;-2.01258e+06;-2.33e+06;-2.1632e+06;-2.01258e+06
357;-2.01258e+06;-2.38342e+06;-2.15932e+06;-2.02237e+06
358;-2.01258e+06;-2.35183e+06;-2.14832e+06;-2.02906e+06
359;-2.01258e+06;-2.28998e+06;-2.14188e+06;-2.02934e+06
360;-2.01258e+06;-2.36552e+06;-2.15449e+06;-2.03016e+06
361;-2.01258e+06;-2.3219e+06;-2.14458e+06;-2.04358e+06
362;-2.01258e+06;-2.4021e+06;-2.17231e+06;-2.04321e+06
363;-2.01258e+06;-2.44185e+06;-2.17837e+06;-2.03234e+06
364;-2.01258e+06;-2.36966e+06;-2.16061e+06;-2.03837e+06
365;-2.01258e+06;-2.34939e+06;-2.17222e+06;-2.04272e+06
366;-2.01258e+06;-2.33578e+06;-2.17343e+06;-2.07354e+06
367;-2.01258e+06;-2.39375e+06;-2.18758e+06;-2.06591e+06
368;-2.01258e+06;-2.48769e+06;-2.1937e+06;-2.05391e+06
369;-2.01258e+06;-2.37917e+06;-2.19812e+06;-2.02818e+06
370;-2.01258e+06;-2.45651e+06;-2.22265e+06;-2.03689e+06
371;-2.01258e+06;-2.51668e+06;-2.22835e+06;-2.05244e+06
372;-2.01258e+06;-2.52114e+06;-2.20897e+06;-2.05977e+06
373;-2.01258e+06;-2.40947e+06;-2.17501e+06;-2.05403e+06
374;-2.01258e+06;-2.38627e+06;-2.17588e+06;-2.07833e+06
375;-2.01258e+06;-2.38684e+06;-2.18136e+06;-2.05978e+06
376;-2.01258e+06;-2.41362e+06;-2.16988e+06;-2.05509e+06
377;-2.01258e+06;-2.3172e+06;-2.16611e+06;-2.06425e+06
378;-2.01258e+06;-2.40612e+06;-2.17735e+06;-2.06207e+06
379;-2.01258e+06;-2.37462e+06;-2.19534e+06;-2.06645e+06
380;-2.01258e+06;-2.34485e+06;-2.19336e+06;-2.07166e+06
381;-2.00771e+06;-2.4093e+06;-2.19448e+06;-2.00771e+06
382;-1.99547e+06;-2.39678e+06;-2.19835e+06;-1.99547e+06
383;-1.99114e+06;-2.41072e+06;-2.12616e+06;-1.99114e+06
384;-1.99114e+06;-2.32792e+06;-2.13116e+06;-2.00298e+06
385;-1.99114e+06;-2.45514e+06;-2.12932e+06;-2.00611e+06
386;-1.99114e+06;-2.30586e+06;-2.11933e+06;-2.01268e+06
387;-1.99114e+06;-2.36151e+06;-2.1418e+06;-2.03139e+06
388;-1.99114e+06;-2.45523e+06;-2.15384e+06;-2.04733e+06
389;-1.99114e+06;-2.36305e+06;-2.17502e+06;-2.02729e+06
390;-1.99114e+06;-2.35673e+06;-2.17393e+06;-2.04556e+06
391;-1.99114e+06;-2.29856e+06;-2.1605e+06;-2.04088e+06
392;-1.99114e+06;-2.42475e+06;-2.16744e+06;-2.05189e+06
393;-1.99114e+06;-2.34152e+06;-2.16761e+06;-2.05936e+06
394;-1.99114e+06;-2.34384e+06;-2.17681e+06;-2.0498e+06
395;-1.99114e+06;-2.34605e+06;-2.16785e+06;-2.0107e+06
396;-1.99114e+06;-2.43331e+06;-2.16813e+06;-2.00701e+06
397;-1.99114e+06;-2.54524e+06;-2.18374e+06;-2.01345e+06
398;-1.99114e+06;-2.3762e+06;-2.14934e+06;-1.99449e+06
399;-1.99114e+06;-2.3876e+06;-2.12944e+06;-2.0175e+06
400;-1.99114e+06;-2.35431e+06;-2.12721e+06;-1.99863e+06
401;-1.9808e+06;-2.37467e+06;-2.13243e+06;-1.9808e+06
402;-1.9808e+06;-2.44767e+06;-2.11579e+06;-2.005e+06
403;-1.9808e+06;-2.28493e+06;-2.13434e+06;-2.00701e+06
404;-1.9808e+06;-2.32748e+06;-2.13737e+06;-2.01688e+06
405;-1.9808e+06;-2.3058e+06;-2.13509e+06;-2.01314e+06
406;-1.9808e+06;-2.37285e+06;-2.12728e+06;-2.03501e+06
407;-1.9808e+06;-2.32601e+06;-2.14594e+06;-2.04787e+06
408;-1.9808e+06;-2.35231e+06;-2.15938e+06;-2.0452e+06
409;-1.9808e+06;-2.49464e+06;-2.16505e+06;-2.05296e+06
410;-1.9808e+06;-2.44274e+06;-2.1789e+06;-2.07016e+06
411;-1.9808e+06;-2.38371e+06;-2.18025e+06;-2.06927e+06
412;-1.9808e+06;-2.40232e+06;-2.19999e+06;-2.08018e+06
413;-1.9808e+06;-2.42515e+06;-2.19484e+06;-2.07541e+06
414;-1.9808e+06;-2.40027e+06;-2.1977e+06;-2.06522e+06
415;-1.9808e+06;-2.36371e+06;-2.19426e+06;-2.05896e+06
416;-1.9808e+06;-2.42513e+06;-2.19524e+06;-2.06323e+06
417;-1.9808e+06;-2.53343e+06;-2.1954e+06;-2.06224e+06
418;-1.9808e+06;-2.52599e+06;-2.2016e+06;-2.05991e+06
419;-1.9808e+06;-2.47614e+06;-2.20224e+06;-2.06448e+06
420;-1.9808e+06;-2.54714e+06;-2.20361e+06;-2.07154e+06
421;-1.9808e+06;-2.35195e+06;-2.19568e+06;-2.06511e+06
422;-1.9808e+06;-2.50241e+06;-2.18769e+06;-2.06366e+06
423;-1.9808e+06;-2.34239e+06;-2.18298e+06;-2.08711e+06
424;-1.9808e+06;-2.4631e+06;-2.18938e+06;-2.07057e+06
425;-1.9808e+06;-2.38332e+06;-2.19181e+06;-2.08116e+06
426;-1.9808e+06;-2.43226e+06;-2.19557e+06;-2.0771e+06
427;-1.9808e+06;-2.38505e+06;-2.18608e+06;-2.0748e+06
428;-1.9808e+06;-2.3395e+06;-2.18468e+06;-2.07932e+06
429;-1.9808e+06;-2.42473e+06;-2.20157e+06;-2.05832e+06
430;-1.9808e+06;-2.43138e+06;-2.19582e+06;-2.05769e+06
431;-1.9808e+06;-2.47806e+06;-2.19677e+06;-2.06208e+06
432;-1.9808e+06;-2.45574e+06;-2.17912e+06;-2.0827e+06
433;-1.9808e+06;-2.41983e+06;-2.19606e+06;-2.07174e+06
434;-1.9808e+06;-2.44326e+06;-2.19246e+06;-2.07578e+06
435;-1.9808e+06;-2.44058e+06;-2.20812e+06;-2.07888e+06
436;-1.9808e+06;-2.46316e+06;-2.20744e+06;-2.06799e+06
437;-1.9808e+06;-2.39433e+06;-2.18967e+06;-2.09846e+06
438;-1.9808e+06;-2.35774e+06;-2.1957e+06;-2.08473e+06
439;-1.9808e+06;-2.38397e+06;-2.18089e+06;-2.08083e+06
440;-1.9808e+06;-2.46578e+06;-2.1873e+06;-2.07328e+06
441;-1.9808e+06;-2.39599e+06;-2.20166e+06;-2.07853e+06
442;-1.9808e+06;-2.39704e+06;-2.1944e+06;-2.08293e+06
443;-1.9808e+06;-2.47621e+06;-2.20098e+06;-2.07124e+06