Iterations;Overall best;Worst;Average;Best
0;-3.70788e+06;-4.50195e+06;-4.14979e+06;-3.70788e+06
1;-3.70788e+06;-4.554e+06;-4.06341e+06;-3.70788e+06
2;-3.6357e+06;-4.29956e+06;-4.00948e+06;-3.6357e+06
3;-3.61452e+06;-4.40413e+06;-3.97224e+06;-3.61452e+06
4;-3.54376e+06;-4.19978e+06;-3.91121e+06;-3.54376e+06
5;-3.54372e+06;-4.25529e+06;-3.85338e+06;-3.54372e+06
6;-3.5186e+06;-4.06509e+06;-3.78207e+06;-3.5186e+06
7;-3.5186e+06;-4.35793e+06;-3.76279e+06;-3.53326e+06
8;-3.49472e+06;-4.30406e+06;-3.72108e+06;-3.49472e+06
9;-3.37365e+06;-4.08009e+06;-3.70476e+06;-3.37365e+06
10;-3.37365e+06;-4.23318e+06;-3.70687e+06;-3.47562e+06
11;-3.37365e+06;-3.94886e+06;-3.66293e+06;-3.45132e+06
12;-3.37365e+06;-4.04045e+06;-3.66741e+06;-3.4136e+06
13;-3.37365e+06;-4.10896e+06;-3.65977e+06;-3.38962e+06
14;-3.32197e+06;-4.10196e+06;-3.63857e+06;-3.32197e+06
15;-3.32197e+06;-4.10081e+06;-3.61145e+06;-3.32209e+06
16;-3.24939e+06;-3.89838e+06;-3.58079e+06;-3.24939e+06
17;-3.23752e+06;-3.96205e+06;-3.54184e+06;-3.23752e+06
18;-3.22801e+06;-3.82978e+06;-3.49062e+06;-3.22801e+06
19;-3.2176e+06;-3.73315e+06;-3.46605e+06;-3.2176e+06
20;-3.216e+06;-3.69541e+06;-3.44763e+06;-3.216e+06
21;-3.216e+06;-3.62065e+06;-3.40586e+06;-3.2176e+06
22;-3.17657e+06;-3.5923e+06;-3.37781e+06;-3.17657e+06
23;-3.17657e+06;-3.68201e+06;-3.3701e+06;-3.19375e+06
24;-3.17657e+06;-3.63977e+06;-3.35878e+06;-3.19802e+06
25;-3.14772e+06;-3.6487e+06;-3.35614e+06;-3.14772e+06
26;-3.13514e+06;-3.58308e+06;-3.3232e+06;-3.13514e+06
27;-3.13514e+06;-3.56662e+06;-3.28704e+06;-3.15303e+06
28;-3.08425e+06;-3.42592e+06;-3.26593e+06;-3.08425e+06
29;-3.08425e+06;-3.43952e+06;-3.24549e+06;-3.0843e+06
30;-3.07141e+06;-3.44571e+06;-3.23055e+06;-3.07141e+06
31;-3.07141e+06;-3.3795e+06;-3.21357e+06;-3.10557e+06
32;-3.05044e+06;-3.3675e+06;-3.1994e+06;-3.05044e+06
33;-3.02241e+06;-3.44513e+06;-3.19094e+06;-3.02241e+06
34;-3.02241e+06;-3.32262e+06;-3.16184e+06;-3.02241e+06
35;-3.02241e+06;-3.3021e+06;-3.14366e+06;-3.02241e+06
36;-3.02099e+06;-3.36746e+06;-3.12779e+06;-3.02099e+06
37;-2.98993e+06;-3.2429e+06;-3.10547e+06;-2.98993e+06
38;-2.98559e+06;-3.25758e+06;-3.08969e+06;-2.98559e+06
39;-2.98559e+06;-3.22947e+06;-3.06827e+06;-2.98559e+06
40;-2.94015e+06;-3.17496e+06;-3.04925e+06;-2.94015e+06
41;-2.93669e+06;-3.13771e+06;-3.03384e+06;-2.93669e+06
42;-2.92394e+06;-3.16781e+06;-3.02306e+06;-2.92394e+06
43;-2.91693e+06;-3.1187e+06;-3.01177e+06;-2.91693e+06
44;-2.91307e+06;-3.09192e+06;-2.99659e+06;-2.91307e+06
45;-2.86489e+06;-3.14262e+06;-2.9799e+06;-2.86489e+06
46;-2.86489e+06;-3.06698e+06;-2.96256e+06;-2.86965e+06
47;-2.83701e+06;-3.05274e+06;-2.9498e+06;-2.83701e+06
48;-2.81806e+06;-3.10169e+06;-2.94742e+06;-2.81806e+06
49;-2.81463e+06;-3.06553e+06;-2.92926e+06;-2.81463e+06
50;-2.81463e+06;-3.04824e+06;-2.91372e+06;-2.83393e+06
51;-2.81463e+06;-2.99948e+06;-2.89866e+06;-2.82771e+06
52;-2.80325e+06;-3.00854e+06;-2.89127e+06;-2.80325e+06
53;-2.78669e+06;-2.97353e+06;-2.8758e+06;-2.78669e+06
54;-2.76757e+06;-2.95416e+06;-2.85668e+06;-2.76757e+06
55;-2.76757e+06;-2.95226e+06;-2.84844e+06;-2.76757e+06
56;-2.7371e+06;-2.92141e+06;-2.82901e+06;-2.7371e+06
57;-2.7167e+06;-2.92534e+06;-2.81359e+06;-2.7167e+06
58;-2.70004e+06;-2.91316e+06;-2.79453e+06;-2.70004e+06
59;-2.69786e+06;-2.87547e+06;-2.77733e+06;-2.69786e+06
60;-2.66844e+06;-2.84641e+06;-2.76146e+06;-2.66844e+06
61;-2.66844e+06;-2.82511e+06;-2.74005e+06;-2.67565e+06
62;-2.66462e+06;-2.83388e+06;-2.72948e+06;-2.66462e+06
63;-2.66389e+06;-2.82294e+06;-2.72114e+06;-2.66389e+06
64;-2.66389e+06;-2.79895e+06;-2.72147e+06;-2.66413e+06
65;-2.65516e+06;-2.81499e+06;-2.71617e+06;-2.65516e+06
66;-2.65516e+06;-2.8124e+06;-2.71046e+06;-2.66462e+06
67;-2.65081e+06;-2.85684e+06;-2.70738e+06;-2.65081e+06
68;-2.63251e+06;-2.78972e+06;-2.70052e+06;-2.63251e+06
69;-2.63251e+06;-2.76001e+06;-2.69612e+06;-2.65148e+06
70;-2.62405e+06;-2.76258e+06;-2.69094e+06;-2.62405e+06
71;-2.62405e+06;-2.73525e+06;-2.67606e+06;-2.62565e+06
72;-2.61765e+06;-2.75302e+06;-2.66268e+06;-2.61765e+06
73;-2.59727e+06;-2.71114e+06;-2.64961e+06;-2.59727e+06
74;-2.58579e+06;-2.69802e+06;-2.64021e+06;-2.58579e+06
75;-2.5814e+06;-2.73004e+06;-2.63572e+06;-2.5814e+06
76;-2.57797e+06;-2.71454e+06;-2.63176e+06;-2.57797e+06
77;-2.57761e+06;-2.72113e+06;-2.63072e+06;-2.57761e+06
78;-2.57225e+06;-2.71273e+06;-2.62731e+06;-2.57225e+06
79;-2.56089e+06;-2.68558e+06;-2.62056e+06;-2.56089e+06
80;-2.56e+06;-2.67844e+06;-2.61456e+06;-2.56e+06
81;-2.56e+06;-2.72826e+06;-2.61088e+06;-2.56973e+06
82;-2.55843e+06;-2.67371e+06;-2.60316e+06;-2.55843e+06
83;-2.54742e+06;-2.65219e+06;-2.59396e+06;-2.54742e+06
84;-2.52976e+06;-2.69e+06;-2.58711e+06;-2.52976e+06
85;-2.5244e+06;-2.64473e+06;-2.57803e+06;-2.5244e+06
86;-2.52027e+06;-2.66863e+06;-2.56892e+06;-2.52027e+06
87;-2.52027e+06;-2.6245e+06;-2.5629e+06;-2.5262e+06
88;-2.52027e+06;-2.61429e+06;-2.56243e+06;-2.53435e+06
89;-2.51269e+06;-2.60772e+06;-2.55769e+06;-2.51269e+06
90;-2.51269e+06;-2.66496e+06;-2.5582e+06;-2.51616e+06
91;-2.49789e+06;-2.65571e+06;-2.55076e+06;-2.49789e+06
92;-2.49789e+06;-2.58761e+06;-2.54525e+06;-2.49987e+06
93;-2.49789e+06;-2.59121e+06;-2.54317e+06;-2.49987e+06
94;-2.49482e+06;-2.59773e+06;-2.53489e+06;-2.49482e+06
95;-2.4892e+06;-2.57111e+06;-2.52854e+06;-2.4892e+06
96;-2.48571e+06;-2.635e+06;-2.5238e+06;-2.48571e+06
97;-2.47744e+06;-2.64035e+06;-2.52138e+06;-2.47744e+06
98;-2.47744e+06;-2.57246e+06;-2.5198e+06;-2.48329e+06
99;-2.47744e+06;-2.57666e+06;-2.51618e+06;-2.48996e+06
Best solution:
	TSP: [72, 150, 47, 304, 359, 438, 14, 412, 242, 159, 385, 347, 284, 411, 285, 19, 185, 363, 417, 45, 3, 120, 369, 156, 105, 91, 167, 161, 318, 383, 375, 238, 46, 353, 350, 376, 358, 419, 432, 328, 70, 172, 170, 82, 146, 48, 28, 126, 115, 311, 240, 187, 351, 409, 294, 51, 413, 397, 22, 9, 18, 136, 401, 229, 423, 389, 320, 113, 307, 193, 204, 305, 148, 312, 153, 430, 264, 89, 228, 222, 201, 431, 184, 1, 348, 59, 436, 394, 5, 77, 112, 11, 253, 313, 140, 282, 36, 110, 371, 96, 202, 437, 144, 349, 149, 85, 420, 393, 373, 232, 65, 98, 236, 169, 407, 188, 273, 370, 137, 251, 195, 415, 381, 25, 212, 398, 142, 207, 162, 426, 341, 422, 54, 114, 97, 316, 205, 26, 180, 336, 339, 287, 333, 384, 390, 102, 299, 290, 382, 410, 403, 183, 151, 191, 34, 57, 192, 174, 206, 378, 67, 177, 79, 63, 259, 416, 220, 254, 168, 76, 283, 345, 308, 189, 123, 329, 408, 427, 38, 12, 50, 44, 122, 404, 310, 269, 152, 160, 73, 83, 6, 346, 372, 399, 425, 424, 374, 355, 92, 197, 74, 199, 291, 208, 315, 278, 181, 135, 78, 17, 53, 52, 377, 439, 360, 361, 175, 127, 134, 106, 178, 118, 157, 32, 111, 173, 226, 66, 198, 245, 357, 364, 235, 265, 386, 323, 366, 21, 433, 395, 396, 23, 117, 88, 40, 143, 164, 391, 414, 227, 27, 158, 368, 306, 392, 317, 225, 342, 280, 256, 418, 340, 295, 270, 272, 379, 81, 108, 71, 37, 190, 182, 258, 326, 274, 293, 246, 301, 337, 247, 266, 257, 171, 249, 319, 230, 84, 210, 194, 80, 243, 95, 309, 429, 186, 421, 41, 4, 69, 300, 271, 276, 13, 43, 292, 16, 103, 237, 223, 297, 365, 321, 322, 211, 20, 130, 125, 129, 209, 405, 239, 267, 42, 354, 39, 56, 298, 2, 147, 62, 15, 286, 101, 132, 116, 107, 90, 302, 176, 30, 277, 338, 303, 244, 131, 179, 261, 217, 61, 343, 380, 8, 10, 60, 263, 124, 332, 87, 406, 331, 352, 289, 35, 281, 344, 435, 402, 215, 104, 7, 49, 262, 388, 219, 335, 86, 94, 24, 145, 93, 221, 387, 428, 314, 128, 196, 139, 33, 31, 119, 155, 58, 55, 296, 218, 233, 75, 324, 203, 252, 400, 330, 241, 214, 213, 260, 362, 255, 121, 166, 288, 231, 250, 325, 268, 138, 68, 248, 224, 434, 275, 279, 64, 29, 133, 163, 99, 154, 356, 100, 334, 367, 327, 109, 216, 165, 234, 200, 141]
KSP: 