Iterations;Overall best;Worst;Average;Best
0;-2.90537e+06;-3.657e+06;-3.33544e+06;-2.90537e+06
1;-2.81476e+06;-3.69991e+06;-3.25076e+06;-2.81476e+06
2;-2.81476e+06;-3.52114e+06;-3.15864e+06;-2.91328e+06
3;-2.71538e+06;-3.51163e+06;-3.12909e+06;-2.71538e+06
4;-2.71538e+06;-3.40066e+06;-3.07736e+06;-2.80061e+06
5;-2.71538e+06;-3.3262e+06;-3.02812e+06;-2.74995e+06
6;-2.71538e+06;-3.26368e+06;-2.97422e+06;-2.74204e+06
7;-2.66708e+06;-3.38655e+06;-2.89776e+06;-2.66708e+06
8;-2.53244e+06;-3.12648e+06;-2.84067e+06;-2.53244e+06
9;-2.53244e+06;-3.04551e+06;-2.79463e+06;-2.59622e+06
10;-2.53244e+06;-3.14733e+06;-2.76426e+06;-2.57988e+06
11;-2.53244e+06;-3.00073e+06;-2.73985e+06;-2.54441e+06
12;-2.53244e+06;-3.08856e+06;-2.73021e+06;-2.53565e+06
13;-2.5017e+06;-2.97322e+06;-2.7005e+06;-2.5017e+06
14;-2.44604e+06;-3.05848e+06;-2.67438e+06;-2.44604e+06
15;-2.44604e+06;-3.03771e+06;-2.65812e+06;-2.45799e+06
16;-2.44604e+06;-2.83649e+06;-2.64331e+06;-2.48095e+06
17;-2.44604e+06;-2.89451e+06;-2.62069e+06;-2.46786e+06
18;-2.44058e+06;-2.81864e+06;-2.62136e+06;-2.44058e+06
19;-2.37574e+06;-2.84308e+06;-2.6223e+06;-2.37574e+06
20;-2.37574e+06;-2.87243e+06;-2.59888e+06;-2.37574e+06
21;-2.3389e+06;-2.78851e+06;-2.56883e+06;-2.3389e+06
22;-2.3389e+06;-2.79001e+06;-2.55162e+06;-2.41052e+06
23;-2.3389e+06;-2.69531e+06;-2.52627e+06;-2.41052e+06
24;-2.3389e+06;-2.69103e+06;-2.50703e+06;-2.36898e+06
25;-2.3389e+06;-2.70953e+06;-2.49658e+06;-2.38258e+06
26;-2.3389e+06;-2.75588e+06;-2.48564e+06;-2.34667e+06
27;-2.3389e+06;-2.61821e+06;-2.47605e+06;-2.37083e+06
28;-2.3389e+06;-2.63131e+06;-2.46456e+06;-2.36014e+06
29;-2.32681e+06;-2.64756e+06;-2.44525e+06;-2.32681e+06
30;-2.32681e+06;-2.65087e+06;-2.43385e+06;-2.36264e+06
31;-2.32681e+06;-2.58405e+06;-2.40971e+06;-2.32706e+06
32;-2.32658e+06;-2.52769e+06;-2.40215e+06;-2.32658e+06
33;-2.29067e+06;-2.49488e+06;-2.38986e+06;-2.29067e+06
34;-2.25721e+06;-2.46505e+06;-2.36864e+06;-2.25721e+06
35;-2.23708e+06;-2.52347e+06;-2.34918e+06;-2.23708e+06
36;-2.23258e+06;-2.52856e+06;-2.33607e+06;-2.23258e+06
37;-2.16966e+06;-2.4517e+06;-2.3008e+06;-2.16966e+06
38;-2.14621e+06;-2.39754e+06;-2.27648e+06;-2.14621e+06
39;-2.14607e+06;-2.38536e+06;-2.25698e+06;-2.14607e+06
40;-2.13924e+06;-2.32794e+06;-2.23871e+06;-2.13924e+06
41;-2.13924e+06;-2.35795e+06;-2.22646e+06;-2.15026e+06
42;-2.13719e+06;-2.32547e+06;-2.20636e+06;-2.13719e+06
43;-2.1102e+06;-2.29134e+06;-2.18094e+06;-2.1102e+06
44;-2.06937e+06;-2.28425e+06;-2.1633e+06;-2.06937e+06
45;-2.03015e+06;-2.21707e+06;-2.15324e+06;-2.03015e+06
46;-2.03015e+06;-2.23052e+06;-2.14473e+06;-2.06493e+06
47;-2.03015e+06;-2.22772e+06;-2.13651e+06;-2.05436e+06
48;-2.03015e+06;-2.19094e+06;-2.12099e+06;-2.05436e+06
49;-2.03015e+06;-2.21367e+06;-2.12096e+06;-2.05046e+06
50;-2.03015e+06;-2.21637e+06;-2.10575e+06;-2.03674e+06
51;-2.02379e+06;-2.19365e+06;-2.09471e+06;-2.02379e+06
52;-2.02379e+06;-2.22067e+06;-2.08933e+06;-2.03211e+06
53;-1.99957e+06;-2.17751e+06;-2.07602e+06;-1.99957e+06
54;-1.99207e+06;-2.22208e+06;-2.06928e+06;-1.99207e+06
55;-1.98985e+06;-2.17322e+06;-2.05942e+06;-1.98985e+06
56;-1.98985e+06;-2.1456e+06;-2.05221e+06;-1.99132e+06
57;-1.97352e+06;-2.16078e+06;-2.0397e+06;-1.97352e+06
58;-1.97212e+06;-2.10911e+06;-2.02814e+06;-1.97212e+06
59;-1.92628e+06;-2.13167e+06;-2.01637e+06;-1.92628e+06
60;-1.92601e+06;-2.13806e+06;-2.00526e+06;-1.92601e+06
61;-1.92264e+06;-2.07351e+06;-1.98958e+06;-1.92264e+06
62;-1.91144e+06;-2.04863e+06;-1.97604e+06;-1.91144e+06
63;-1.90061e+06;-2.04617e+06;-1.96555e+06;-1.90061e+06
64;-1.88658e+06;-2.06215e+06;-1.95655e+06;-1.88658e+06
65;-1.88658e+06;-2.04972e+06;-1.94884e+06;-1.89507e+06
66;-1.86009e+06;-2.00524e+06;-1.93918e+06;-1.86009e+06
67;-1.86009e+06;-1.99908e+06;-1.93237e+06;-1.86009e+06
68;-1.84941e+06;-2.00589e+06;-1.92246e+06;-1.84941e+06
69;-1.84941e+06;-2.01584e+06;-1.9214e+06;-1.86009e+06
70;-1.84566e+06;-1.99024e+06;-1.91355e+06;-1.84566e+06
71;-1.82837e+06;-2.00747e+06;-1.9098e+06;-1.82837e+06
72;-1.82837e+06;-1.98774e+06;-1.91057e+06;-1.82837e+06
73;-1.82837e+06;-1.97138e+06;-1.89331e+06;-1.82837e+06
74;-1.82601e+06;-1.97369e+06;-1.88316e+06;-1.82601e+06
75;-1.82247e+06;-1.96436e+06;-1.86994e+06;-1.82247e+06
76;-1.81541e+06;-1.94195e+06;-1.86185e+06;-1.81541e+06
77;-1.81541e+06;-1.92535e+06;-1.85388e+06;-1.8183e+06
78;-1.80499e+06;-1.90839e+06;-1.84997e+06;-1.80499e+06
79;-1.80058e+06;-1.93482e+06;-1.84255e+06;-1.80058e+06
80;-1.77852e+06;-1.91413e+06;-1.8388e+06;-1.77852e+06
81;-1.76832e+06;-1.91695e+06;-1.8285e+06;-1.76832e+06
82;-1.7529e+06;-1.88123e+06;-1.81698e+06;-1.7529e+06
83;-1.7529e+06;-1.88792e+06;-1.81235e+06;-1.7529e+06
84;-1.7529e+06;-1.86237e+06;-1.80573e+06;-1.75615e+06
85;-1.7529e+06;-1.86116e+06;-1.79866e+06;-1.75402e+06
86;-1.75032e+06;-1.84343e+06;-1.79281e+06;-1.75032e+06
87;-1.7388e+06;-1.86957e+06;-1.78336e+06;-1.7388e+06
88;-1.72184e+06;-1.88209e+06;-1.77672e+06;-1.72184e+06
89;-1.70774e+06;-1.81341e+06;-1.76409e+06;-1.70774e+06
90;-1.70176e+06;-1.82352e+06;-1.75625e+06;-1.70176e+06
91;-1.70099e+06;-1.83574e+06;-1.74566e+06;-1.70099e+06
92;-1.69259e+06;-1.79159e+06;-1.7355e+06;-1.69259e+06
93;-1.67438e+06;-1.77942e+06;-1.72155e+06;-1.67438e+06
94;-1.66765e+06;-1.76622e+06;-1.71371e+06;-1.66765e+06
95;-1.66389e+06;-1.79674e+06;-1.70903e+06;-1.66389e+06
96;-1.65029e+06;-1.74495e+06;-1.69843e+06;-1.65029e+06
97;-1.65029e+06;-1.75106e+06;-1.69695e+06;-1.65315e+06
98;-1.65029e+06;-1.72761e+06;-1.68567e+06;-1.6595e+06
99;-1.65029e+06;-1.72581e+06;-1.68024e+06;-1.66099e+06
Best solution:
	TSP: [300, 358, 36, 433, 395, 436, 85, 110, 180, 63, 124, 404, 276, 33, 235, 392, 373, 383, 54, 413, 232, 172, 153, 127, 134, 217, 114, 286, 377, 437, 354, 270, 251, 236, 431, 380, 426, 289, 194, 423, 174, 246, 325, 305, 335, 170, 396, 422, 371, 406, 367, 90, 297, 165, 100, 156, 415, 427, 402, 123, 201, 93, 254, 348, 301, 271, 150, 344, 412, 303, 369, 341, 361, 435, 342, 40, 46, 424, 439, 418, 252, 247, 308, 58, 163, 317, 48, 47, 28, 228, 359, 13, 312, 401, 285, 416, 364, 155, 353, 51, 140, 284, 410, 417, 22, 105, 309, 126, 183, 287, 397, 283, 112, 368, 391, 264, 143, 221, 185, 249, 306, 349, 343, 53, 83, 57, 91, 299, 19, 382, 56, 73, 184, 332, 34, 7, 302, 365, 80, 81, 222, 386, 21, 333, 17, 106, 231, 30, 115, 113, 145, 4, 238, 193, 107, 142, 20, 92, 2, 11, 384, 438, 407, 230, 298, 388, 307, 245, 337, 219, 314, 326, 255, 5, 316, 49, 35, 158, 167, 38, 52, 282, 434, 186, 229, 200, 198, 277, 75, 50, 15, 241, 313, 408, 430, 411, 381, 104, 160, 324, 315, 366, 428, 378, 390, 429, 208, 199, 119, 26, 340, 360, 86, 154, 209, 179, 294, 162, 94, 385, 188, 393, 14, 44, 260, 166, 78, 64, 336, 266, 138, 204, 329, 320, 176, 244, 103, 129, 98, 292, 151, 357, 84, 8, 272, 62, 66, 18, 128, 192, 157, 275, 356, 339, 394, 227, 432, 420, 355, 310, 262, 265, 141, 168, 9, 376, 304, 178, 330, 370, 405, 290, 181, 334, 234, 319, 60, 3, 39, 97, 118, 253, 133, 205, 196, 31, 152, 346, 296, 398, 347, 375, 6, 108, 318, 419, 224, 1, 117, 89, 212, 95, 37, 191, 258, 240, 148, 363, 220, 121, 248, 101, 159, 55, 116, 400, 267, 273, 403, 374, 389, 322, 280, 149, 242, 263, 135, 173, 169, 139, 45, 187, 43, 41, 79, 190, 279, 278, 387, 233, 214, 345, 295, 203, 213, 130, 67, 111, 144, 32, 24, 207, 122, 76, 42, 120, 161, 72, 338, 414, 421, 218, 136, 88, 211, 131, 164, 125, 177, 182, 171, 216, 71, 87, 10, 351, 328, 379, 261, 321, 257, 215, 223, 268, 132, 102, 96, 23, 291, 399, 237, 250, 239, 269, 274, 350, 99, 189, 409, 210, 65, 29, 61, 74, 225, 352, 82, 137, 197, 12, 259, 256, 362, 288, 425, 226, 281, 372, 59, 27, 109, 16, 146, 147, 202, 206, 243, 77, 293, 323, 311, 68, 25, 69, 175, 331, 195, 70, 327]
KSP: 