Iterations;Overall best;Worst;Average;Best
0;-3.82264e+06;-5.54683e+06;-4.52216e+06;-3.82264e+06
1;-3.63778e+06;-4.51575e+06;-3.89508e+06;-3.63778e+06
2;-3.40585e+06;-4.17909e+06;-3.68309e+06;-3.40585e+06
3;-3.3128e+06;-3.92349e+06;-3.48294e+06;-3.3128e+06
4;-3.25169e+06;-3.73704e+06;-3.35247e+06;-3.25169e+06
5;-3.15219e+06;-3.49873e+06;-3.26784e+06;-3.15219e+06
6;-3.09809e+06;-3.39782e+06;-3.18609e+06;-3.09809e+06
7;-3.05896e+06;-3.27196e+06;-3.11389e+06;-3.05896e+06
8;-3.02095e+06;-3.14824e+06;-3.065e+06;-3.02095e+06
9;-2.97976e+06;-3.1655e+06;-3.02551e+06;-2.97976e+06
10;-2.95093e+06;-3.16139e+06;-2.98219e+06;-2.95093e+06
11;-2.92359e+06;-3.079e+06;-2.95708e+06;-2.92359e+06
12;-2.88616e+06;-3.03874e+06;-2.92618e+06;-2.88616e+06
13;-2.86024e+06;-2.99153e+06;-2.89141e+06;-2.86024e+06
14;-2.81076e+06;-2.97072e+06;-2.86382e+06;-2.81076e+06
15;-2.76928e+06;-2.92665e+06;-2.82111e+06;-2.76928e+06
16;-2.74471e+06;-2.89191e+06;-2.77819e+06;-2.74471e+06
17;-2.71904e+06;-2.82688e+06;-2.74634e+06;-2.71904e+06
18;-2.68943e+06;-2.83183e+06;-2.72115e+06;-2.68943e+06
19;-2.67499e+06;-2.79366e+06;-2.6943e+06;-2.67499e+06
20;-2.64078e+06;-2.7939e+06;-2.67726e+06;-2.64078e+06
21;-2.6052e+06;-2.7839e+06;-2.64613e+06;-2.6052e+06
22;-2.57692e+06;-2.75032e+06;-2.6117e+06;-2.57692e+06
23;-2.5493e+06;-2.75231e+06;-2.58236e+06;-2.5493e+06
24;-2.51539e+06;-2.66515e+06;-2.55546e+06;-2.51539e+06
25;-2.50337e+06;-2.6286e+06;-2.5204e+06;-2.50337e+06
26;-2.4853e+06;-2.68298e+06;-2.50858e+06;-2.4853e+06
27;-2.45634e+06;-2.603e+06;-2.48938e+06;-2.45634e+06
28;-2.40855e+06;-2.55774e+06;-2.4638e+06;-2.40855e+06
29;-2.39161e+06;-2.54815e+06;-2.41303e+06;-2.39161e+06
30;-2.3583e+06;-2.47309e+06;-2.39598e+06;-2.3583e+06
31;-2.337e+06;-2.45596e+06;-2.36824e+06;-2.337e+06
32;-2.32062e+06;-2.45906e+06;-2.33922e+06;-2.32062e+06
33;-2.28444e+06;-2.4197e+06;-2.32372e+06;-2.28444e+06
34;-2.26753e+06;-2.4478e+06;-2.28899e+06;-2.26753e+06
35;-2.25079e+06;-2.41366e+06;-2.27297e+06;-2.25079e+06
36;-2.22303e+06;-2.37665e+06;-2.25451e+06;-2.22303e+06
37;-2.19561e+06;-2.36669e+06;-2.2284e+06;-2.19561e+06
38;-2.17865e+06;-2.40508e+06;-2.19987e+06;-2.17865e+06
39;-2.15058e+06;-2.3279e+06;-2.18482e+06;-2.15058e+06
40;-2.13489e+06;-2.26337e+06;-2.16202e+06;-2.13489e+06
41;-2.11046e+06;-2.27762e+06;-2.13958e+06;-2.11046e+06
42;-2.09291e+06;-2.31185e+06;-2.12186e+06;-2.09291e+06
43;-2.05855e+06;-2.27069e+06;-2.10145e+06;-2.05855e+06
44;-2.04772e+06;-2.1541e+06;-2.06263e+06;-2.04772e+06
45;-2.03411e+06;-2.15343e+06;-2.05041e+06;-2.03411e+06
46;-2.01952e+06;-2.12051e+06;-2.0398e+06;-2.01952e+06
47;-2.00799e+06;-2.13859e+06;-2.02469e+06;-2.00799e+06
48;-1.98641e+06;-2.13687e+06;-2.01128e+06;-1.98641e+06
49;-1.97889e+06;-2.07192e+06;-1.99044e+06;-1.97889e+06
50;-1.9615e+06;-2.05171e+06;-1.98306e+06;-1.9615e+06
51;-1.95322e+06;-2.05267e+06;-1.96545e+06;-1.95322e+06
52;-1.9398e+06;-2.06346e+06;-1.95615e+06;-1.9398e+06
53;-1.92127e+06;-2.05298e+06;-1.94782e+06;-1.92127e+06
54;-1.91184e+06;-2.07822e+06;-1.92488e+06;-1.91184e+06
55;-1.89591e+06;-1.99673e+06;-1.91524e+06;-1.89591e+06
56;-1.87214e+06;-1.9937e+06;-1.89977e+06;-1.87214e+06
57;-1.8521e+06;-2.00854e+06;-1.87655e+06;-1.8521e+06
58;-1.84043e+06;-2.02712e+06;-1.86286e+06;-1.84043e+06
59;-1.82891e+06;-1.92445e+06;-1.8438e+06;-1.82891e+06
60;-1.82102e+06;-1.94204e+06;-1.83048e+06;-1.82102e+06
61;-1.79928e+06;-1.92648e+06;-1.82446e+06;-1.79928e+06
62;-1.78739e+06;-1.94684e+06;-1.81426e+06;-1.78739e+06
63;-1.77617e+06;-1.88547e+06;-1.79218e+06;-1.77617e+06
64;-1.77067e+06;-1.85474e+06;-1.77818e+06;-1.77067e+06
65;-1.76245e+06;-1.92955e+06;-1.77752e+06;-1.76245e+06
66;-1.75484e+06;-1.91716e+06;-1.76841e+06;-1.75484e+06
67;-1.74081e+06;-1.85727e+06;-1.75904e+06;-1.74081e+06
68;-1.72621e+06;-1.83333e+06;-1.7452e+06;-1.72621e+06
69;-1.71458e+06;-1.80016e+06;-1.73298e+06;-1.71458e+06
70;-1.71136e+06;-1.8419e+06;-1.71839e+06;-1.71136e+06
71;-1.70222e+06;-1.8506e+06;-1.71537e+06;-1.70222e+06
72;-1.69348e+06;-1.80524e+06;-1.70863e+06;-1.69348e+06
73;-1.68526e+06;-1.84694e+06;-1.69516e+06;-1.68526e+06
74;-1.6719e+06;-1.7764e+06;-1.68886e+06;-1.6719e+06
75;-1.66585e+06;-1.82811e+06;-1.67619e+06;-1.66585e+06
76;-1.65277e+06;-1.80112e+06;-1.66762e+06;-1.65277e+06
77;-1.64024e+06;-1.79237e+06;-1.65961e+06;-1.64024e+06
78;-1.63792e+06;-1.71988e+06;-1.64248e+06;-1.63792e+06
79;-1.62872e+06;-1.71091e+06;-1.64091e+06;-1.62872e+06
80;-1.61812e+06;-1.73509e+06;-1.63414e+06;-1.61812e+06
81;-1.61426e+06;-1.71815e+06;-1.62116e+06;-1.61426e+06
82;-1.6038e+06;-1.72242e+06;-1.61832e+06;-1.6038e+06
83;-1.59508e+06;-1.73367e+06;-1.6093e+06;-1.59508e+06
84;-1.58345e+06;-1.77402e+06;-1.59896e+06;-1.58345e+06
85;-1.57853e+06;-1.66068e+06;-1.58936e+06;-1.57853e+06
86;-1.5657e+06;-1.72884e+06;-1.58201e+06;-1.5657e+06
87;-1.55132e+06;-1.72353e+06;-1.5712e+06;-1.55132e+06
88;-1.54498e+06;-1.67522e+06;-1.55532e+06;-1.54498e+06
89;-1.53281e+06;-1.68795e+06;-1.54784e+06;-1.53281e+06
90;-1.51002e+06;-1.64444e+06;-1.53972e+06;-1.51002e+06
91;-1.50359e+06;-1.67227e+06;-1.51491e+06;-1.50359e+06
92;-1.49618e+06;-1.63116e+06;-1.50942e+06;-1.49618e+06
93;-1.49151e+06;-1.60138e+06;-1.49763e+06;-1.49151e+06
94;-1.48541e+06;-1.63013e+06;-1.49716e+06;-1.48541e+06
95;-1.47878e+06;-1.60049e+06;-1.48942e+06;-1.47878e+06
96;-1.47114e+06;-1.6651e+06;-1.48273e+06;-1.47114e+06
97;-1.46089e+06;-1.58156e+06;-1.47555e+06;-1.46089e+06
98;-1.45652e+06;-1.55406e+06;-1.46575e+06;-1.45652e+06
99;-1.44595e+06;-1.54513e+06;-1.4603e+06;-1.44595e+06
100;-1.43918e+06;-1.60269e+06;-1.44792e+06;-1.43918e+06
101;-1.43114e+06;-1.60267e+06;-1.44412e+06;-1.43114e+06
102;-1.42297e+06;-1.55533e+06;-1.43372e+06;-1.42297e+06
103;-1.41598e+06;-1.51817e+06;-1.42825e+06;-1.41598e+06
104;-1.4066e+06;-1.53199e+06;-1.41985e+06;-1.4066e+06
105;-1.39459e+06;-1.51984e+06;-1.41003e+06;-1.39459e+06
106;-1.38902e+06;-1.51561e+06;-1.40243e+06;-1.38902e+06
107;-1.37859e+06;-1.5822e+06;-1.39214e+06;-1.37859e+06
108;-1.37317e+06;-1.48131e+06;-1.38721e+06;-1.37317e+06
109;-1.36092e+06;-1.51532e+06;-1.37674e+06;-1.36092e+06
110;-1.35488e+06;-1.49464e+06;-1.36994e+06;-1.35488e+06
111;-1.34581e+06;-1.49704e+06;-1.35803e+06;-1.34581e+06
112;-1.33894e+06;-1.51025e+06;-1.35182e+06;-1.33894e+06
113;-1.33517e+06;-1.43232e+06;-1.34272e+06;-1.33517e+06
114;-1.33101e+06;-1.47747e+06;-1.33968e+06;-1.33101e+06
115;-1.31873e+06;-1.42007e+06;-1.3349e+06;-1.31873e+06
116;-1.31347e+06;-1.39954e+06;-1.32583e+06;-1.31347e+06
117;-1.30941e+06;-1.37856e+06;-1.31499e+06;-1.30941e+06
118;-1.30508e+06;-1.41086e+06;-1.31416e+06;-1.30508e+06
119;-1.30063e+06;-1.4276e+06;-1.30793e+06;-1.30063e+06
120;-1.2921e+06;-1.39339e+06;-1.30522e+06;-1.2921e+06
121;-1.28734e+06;-1.44441e+06;-1.29745e+06;-1.28734e+06
122;-1.28304e+06;-1.3462e+06;-1.29154e+06;-1.28304e+06
123;-1.27862e+06;-1.40666e+06;-1.2871e+06;-1.27862e+06
124;-1.27444e+06;-1.435e+06;-1.28025e+06;-1.27444e+06
125;-1.27169e+06;-1.40113e+06;-1.28284e+06;-1.27169e+06
126;-1.26778e+06;-1.38431e+06;-1.27615e+06;-1.26778e+06
127;-1.25917e+06;-1.45548e+06;-1.2716e+06;-1.25917e+06
128;-1.25482e+06;-1.37509e+06;-1.26254e+06;-1.25482e+06
129;-1.25144e+06;-1.41836e+06;-1.25767e+06;-1.25144e+06
130;-1.24369e+06;-1.36035e+06;-1.25698e+06;-1.24369e+06
131;-1.23826e+06;-1.33344e+06;-1.2491e+06;-1.23826e+06
132;-1.23432e+06;-1.35368e+06;-1.24017e+06;-1.23432e+06
133;-1.23044e+06;-1.32936e+06;-1.2379e+06;-1.23044e+06
134;-1.22503e+06;-1.3052e+06;-1.23283e+06;-1.22503e+06
135;-1.22005e+06;-1.3667e+06;-1.22892e+06;-1.22005e+06
136;-1.21861e+06;-1.33412e+06;-1.22186e+06;-1.21861e+06
137;-1.21481e+06;-1.32156e+06;-1.22167e+06;-1.21481e+06
138;-1.20993e+06;-1.34082e+06;-1.21833e+06;-1.20993e+06
139;-1.20849e+06;-1.2723e+06;-1.21333e+06;-1.20849e+06
140;-1.20682e+06;-1.29258e+06;-1.21043e+06;-1.20682e+06
141;-1.19986e+06;-1.29701e+06;-1.21187e+06;-1.19986e+06
142;-1.19619e+06;-1.35348e+06;-1.20406e+06;-1.19619e+06
143;-1.18186e+06;-1.35169e+06;-1.20161e+06;-1.18186e+06
144;-1.18052e+06;-1.31481e+06;-1.18423e+06;-1.18052e+06
145;-1.17649e+06;-1.31566e+06;-1.18402e+06;-1.17649e+06
146;-1.16865e+06;-1.30777e+06;-1.18084e+06;-1.16865e+06
147;-1.16006e+06;-1.29537e+06;-1.17405e+06;-1.16006e+06
148;-1.15884e+06;-1.31113e+06;-1.16336e+06;-1.15884e+06
149;-1.1547e+06;-1.28291e+06;-1.1628e+06;-1.1547e+06
150;-1.14862e+06;-1.29794e+06;-1.16315e+06;-1.14862e+06
151;-1.14604e+06;-1.24288e+06;-1.15165e+06;-1.14604e+06
152;-1.14159e+06;-1.27583e+06;-1.15151e+06;-1.14159e+06
153;-1.13599e+06;-1.35194e+06;-1.14874e+06;-1.13599e+06
154;-1.1339e+06;-1.27379e+06;-1.14174e+06;-1.1339e+06
155;-1.13084e+06;-1.24293e+06;-1.13822e+06;-1.13084e+06
156;-1.12799e+06;-1.30525e+06;-1.13616e+06;-1.12799e+06
157;-1.1165e+06;-1.26166e+06;-1.13461e+06;-1.1165e+06
158;-1.11242e+06;-1.19219e+06;-1.12e+06;-1.11242e+06
159;-1.10849e+06;-1.22658e+06;-1.1163e+06;-1.10849e+06
160;-1.107e+06;-1.20895e+06;-1.11194e+06;-1.107e+06
161;-1.10204e+06;-1.1827e+06;-1.1096e+06;-1.10204e+06
162;-1.09687e+06;-1.24738e+06;-1.10675e+06;-1.09687e+06
163;-1.09587e+06;-1.27956e+06;-1.09987e+06;-1.09587e+06
164;-1.09351e+06;-1.17078e+06;-1.09956e+06;-1.09351e+06
165;-1.08999e+06;-1.20617e+06;-1.09875e+06;-1.08999e+06
166;-1.08862e+06;-1.19015e+06;-1.09448e+06;-1.08862e+06
167;-1.0844e+06;-1.20386e+06;-1.09356e+06;-1.0844e+06
168;-1.08187e+06;-1.19432e+06;-1.09173e+06;-1.08187e+06
169;-1.0793e+06;-1.19217e+06;-1.08629e+06;-1.0793e+06
170;-1.0765e+06;-1.1729e+06;-1.08288e+06;-1.0765e+06
171;-1.07111e+06;-1.16114e+06;-1.08203e+06;-1.07111e+06
172;-1.06709e+06;-1.15803e+06;-1.07674e+06;-1.06709e+06
173;-1.0647e+06;-1.1677e+06;-1.07175e+06;-1.0647e+06
174;-1.06257e+06;-1.17512e+06;-1.06872e+06;-1.06257e+06
175;-1.0594e+06;-1.19174e+06;-1.06445e+06;-1.0594e+06
176;-1.05844e+06;-1.1377e+06;-1.06408e+06;-1.05844e+06
177;-1.0531e+06;-1.18741e+06;-1.06246e+06;-1.0531e+06
178;-1.05114e+06;-1.14407e+06;-1.05714e+06;-1.05114e+06
179;-1.04877e+06;-1.1208e+06;-1.05471e+06;-1.04877e+06
180;-1.04763e+06;-1.24084e+06;-1.05203e+06;-1.04763e+06
181;-1.04454e+06;-1.17959e+06;-1.05063e+06;-1.04454e+06
182;-1.04174e+06;-1.12538e+06;-1.04856e+06;-1.04174e+06
183;-1.04174e+06;-1.15404e+06;-1.0445e+06;-1.04174e+06
184;-1.04134e+06;-1.1908e+06;-1.04424e+06;-1.04134e+06
185;-1.03837e+06;-1.183e+06;-1.04455e+06;-1.03837e+06
186;-1.03294e+06;-1.1166e+06;-1.04304e+06;-1.03294e+06
187;-1.02767e+06;-1.10528e+06;-1.03658e+06;-1.02767e+06
188;-1.02102e+06;-1.1582e+06;-1.03282e+06;-1.02102e+06
189;-1.01966e+06;-1.13674e+06;-1.0274e+06;-1.01966e+06
190;-1.01858e+06;-1.12924e+06;-1.02372e+06;-1.01858e+06
191;-1.01778e+06;-1.08409e+06;-1.02194e+06;-1.01778e+06
192;-1.01463e+06;-1.13503e+06;-1.02052e+06;-1.01463e+06
193;-1.00889e+06;-1.14703e+06;-1.01988e+06;-1.00889e+06
194;-1.00428e+06;-1.13409e+06;-1.01433e+06;-1.00428e+06
195;-1.00137e+06;-1.14389e+06;-1.00827e+06;-1.00137e+06
196;-999815;-1.13855e+06;-1.00431e+06;-999815
197;-995481;-1.12185e+06;-1.00409e+06;-995481
198;-991063;-1.12364e+06;-1.00114e+06;-991063
199;-986729;-1.10383e+06;-996636;-986729
200;-983731;-1.04615e+06;-990415;-983731
201;-981881;-1.10662e+06;-988306;-981881
202;-980884;-1.09203e+06;-984847;-980884
203;-980349;-1.12446e+06;-984269;-980349
204;-976206;-1.12995e+06;-982868;-976206
205;-974767;-1.07765e+06;-983957;-974767
206;-967432;-1.07575e+06;-981804;-967432
207;-964975;-1.11458e+06;-974855;-964975
208;-962527;-1.07684e+06;-966736;-962527
209;-961799;-1.06426e+06;-966568;-961799
210;-959338;-1.04085e+06;-964152;-959338
211;-955316;-1.06949e+06;-964051;-955316
212;-951573;-1.07011e+06;-960853;-951573
213;-949327;-1.11191e+06;-954584;-949327
214;-944528;-1.05024e+06;-953371;-944528
215;-942271;-1.11625e+06;-950620;-942271
216;-940966;-1.08719e+06;-946004;-940966
217;-940094;-1.01863e+06;-943890;-940094
218;-937577;-1.06726e+06;-943398;-937577
219;-934691;-1.01832e+06;-940998;-934691
220;-933142;-1.04411e+06;-937396;-933142
221;-931615;-1.00043e+06;-937202;-931615
222;-929928;-1.02172e+06;-934385;-929928
223;-927631;-1.00986e+06;-932273;-927631
224;-926480;-1.10384e+06;-930160;-926480
225;-925272;-1.03901e+06;-928746;-925272
226;-924027;-1.01657e+06;-928204;-924027
227;-922203;-1.02111e+06;-926673;-922203
228;-919067;-1.02061e+06;-924727;-919067
229;-914167;-1.02999e+06;-925209;-914167
230;-900380;-1.03574e+06;-920454;-900380
231;-895261;-1.08772e+06;-912181;-895261
232;-893580;-1.01566e+06;-897495;-893580
233;-889876;-971709;-897940;-889876
234;-889538;-991106;-894729;-889538
235;-885755;-983237;-892228;-885755
236;-884626;-1.00193e+06;-891916;-884626
237;-883708;-989653;-886595;-883708
238;-882744;-941027;-887500;-882744
239;-880151;-967137;-888671;-880151
240;-879511;-977276;-887521;-879511
241;-876633;-1.00051e+06;-885614;-876633
242;-875949;-1.1225e+06;-882155;-875949
243;-873975;-987346;-877545;-873975
244;-873547;-992825;-877713;-873547
245;-872427;-1.0167e+06;-876203;-872427
246;-869500;-965299;-875959;-869500
247;-867017;-1.00274e+06;-873240;-867017
248;-865539;-945419;-869946;-865539
249;-865072;-938429;-868259;-865072
250;-862679;-983976;-867580;-862679
251;-860657;-1.00062e+06;-867239;-860657
252;-858953;-933188;-864397;-858953
253;-857324;-971776;-860970;-857324
254;-854826;-1.00507e+06;-860272;-854826
255;-852112;-1.00569e+06;-858557;-852112
256;-849948;-954617;-857378;-849948
257;-843272;-922566;-854272;-843272
258;-836681;-947012;-849929;-836681
259;-834107;-967976;-841435;-834107
260;-829913;-948875;-838011;-829913
261;-827055;-947229;-834086;-827055
262;-825425;-992353;-831659;-825425
263;-825425;-962511;-827857;-825425
264;-825375;-923032;-827711;-825375
265;-822961;-950578;-828429;-822961
266;-821295;-1.01037e+06;-827182;-821295
267;-820438;-894238;-823266;-820438
268;-818391;-920084;-824935;-818391
269;-814913;-932496;-823110;-814913
270;-812218;-943944;-821402;-812218
271;-810704;-924055;-817001;-810704
272;-809843;-904710;-813594;-809843
273;-807290;-937537;-811684;-807290
274;-807290;-906807;-811064;-807290
275;-806352;-898099;-809120;-806352
276;-805977;-894487;-810600;-805977
277;-805816;-917220;-808280;-805816
278;-804955;-932575;-808513;-804955
279;-803922;-919446;-808626;-803922
280;-802797;-904512;-808252;-802797
281;-800736;-943127;-806090;-800736
282;-798587;-893483;-803587;-798587
283;-795880;-915590;-802907;-795880
284;-791876;-885798;-798802;-791876
285;-790212;-881487;-797204;-790212
286;-788783;-886838;-794447;-788783
287;-788185;-970185;-793292;-788185
288;-786633;-904227;-791217;-786633
289;-782779;-866121;-790561;-782779
290;-780753;-884981;-787889;-780753
291;-780044;-908568;-785915;-780044
292;-779571;-880396;-782172;-779571
293;-779135;-912612;-782910;-779135
294;-777652;-896591;-781643;-777652
295;-775934;-894497;-781618;-775934
296;-774160;-880128;-779184;-774160
297;-771202;-881285;-778935;-771202
298;-769675;-886022;-774814;-769675
299;-768722;-892540;-772950;-768722
300;-767515;-886263;-771859;-767515
301;-767363;-860860;-770368;-767363
302;-765239;-903303;-769287;-765239
303;-762083;-886428;-770322;-762083
304;-761588;-896642;-765437;-761588
305;-755804;-847275;-763935;-755804
306;-753741;-892117;-761904;-753741
307;-753236;-886250;-756078;-753236
308;-753088;-945630;-756154;-753088
309;-751994;-866970;-755561;-751994
310;-749838;-861303;-755922;-749838
311;-747986;-825645;-753620;-747986
312;-747986;-871709;-750873;-747986
313;-747767;-854261;-750000;-747767
314;-747392;-854674;-751140;-747392
315;-747172;-873438;-751223;-747172
316;-746284;-827368;-749013;-746284
317;-745702;-831628;-750806;-745702
318;-744330;-957872;-751718;-744330
319;-743391;-829884;-749360;-743391
320;-743217;-827997;-746201;-743217
321;-742636;-879583;-745776;-742636
322;-742256;-872951;-746361;-742256
323;-741306;-880446;-745989;-741306
324;-739059;-944609;-745690;-739059
325;-738201;-861518;-742242;-738201
326;-737196;-834124;-741968;-737196
327;-735834;-864139;-740558;-735834
328;-735619;-870829;-738861;-735619
329;-734871;-863371;-739052;-734871
330;-733952;-956470;-742664;-733952
331;-733597;-798752;-736921;-733597
332;-732645;-862918;-736519;-732645
333;-732192;-839853;-738082;-732192
334;-731686;-889184;-736312;-731686
335;-731064;-871471;-734477;-731064
336;-731064;-870434;-733640;-731064
337;-730930;-815102;-733388;-730930
338;-730481;-802997;-733370;-730481
339;-730481;-833810;-732613;-730481
340;-730308;-879034;-733176;-730308
341;-729161;-854887;-735299;-729161
342;-728304;-848668;-733589;-728304
343;-726038;-891302;-733893;-726038
344;-724746;-802889;-731811;-724746
345;-724746;-871520;-727119;-724746
346;-724098;-826642;-726790;-724098
347;-724098;-840581;-726748;-724098
348;-720417;-831670;-726216;-720417
349;-719006;-823355;-725978;-719006
350;-717536;-903999;-722958;-717536
351;-716626;-839296;-720782;-716626
352;-716626;-870868;-719069;-716626
353;-715166;-795819;-718489;-715166
354;-713911;-794655;-719484;-713911
355;-713385;-897087;-716641;-713385
356;-712862;-813897;-716750;-712862
357;-712862;-840951;-715704;-712862
358;-711906;-804962;-714843;-711906
359;-709398;-838177;-714766;-709398
360;-705715;-838595;-713446;-705715
361;-704033;-806494;-708676;-704033
362;-704033;-860204;-707227;-704033
363;-703703;-887989;-706141;-703703
364;-703413;-829777;-707885;-703413
365;-702998;-814213;-706572;-702998
366;-702317;-801126;-706148;-702317
367;-700883;-855899;-705908;-700883
368;-700119;-827172;-704897;-700119
369;-699436;-844918;-703552;-699436
370;-698557;-814099;-702097;-698557
371;-697345;-813284;-702668;-697345
372;-695013;-794137;-701082;-695013
373;-694268;-769523;-699891;-694268
374;-693296;-787343;-696249;-693296
375;-693296;-810108;-696948;-693296
376;-693231;-770697;-694873;-693231
377;-692882;-797603;-695477;-692882
378;-691598;-807819;-696330;-691598
379;-689342;-857834;-696062;-689342
380;-687222;-792026;-693837;-687222
381;-685837;-834505;-691542;-685837
382;-684201;-825858;-690483;-684201
383;-682877;-823570;-688405;-682877
384;-682454;-769904;-686932;-682454
385;-681502;-804558;-686685;-681502
386;-681400;-798413;-683782;-681400
387;-681386;-781000;-684604;-681386
388;-681317;-822848;-685648;-681317
389;-680135;-758337;-685157;-680135
390;-679521;-836802;-685417;-679521
391;-679293;-760773;-683687;-679293
392;-678631;-798567;-684547;-678631
393;-677323;-828438;-684536;-677323
394;-676190;-827238;-681364;-676190
395;-675963;-765002;-682470;-675963
396;-674866;-785524;-678222;-674866
397;-671845;-773464;-678640;-671845
398;-670497;-802182;-677324;-670497
399;-669881;-753694;-674272;-669881
400;-668736;-756764;-675145;-668736
401;-659578;-769298;-675227;-659578
402;-659099;-731344;-664879;-659099
403;-658325;-746052;-661092;-658325
404;-657482;-777973;-661785;-657482
405;-654162;-733372;-660773;-654162
406;-652258;-798623;-660047;-652258
407;-647999;-764732;-656563;-647999
408;-644659;-763324;-651905;-644659
409;-644659;-745419;-646988;-644659
410;-644659;-737716;-646611;-644659
411;-644659;-770865;-647310;-644659
412;-644659;-803149;-647057;-644659
413;-644659;-711061;-646063;-644659
414;-642670;-817593;-647057;-642670
415;-641871;-803304;-647682;-641871
416;-641871;-749990;-645382;-641871
417;-641230;-767967;-644320;-641230
418;-638805;-752583;-645762;-638805
419;-633672;-771300;-644133;-633672
420;-632490;-746883;-637617;-632490
421;-632490;-718809;-634557;-632490
422;-632420;-715127;-634365;-632420
423;-632024;-769336;-635093;-632024
424;-630992;-711021;-636321;-630992
425;-629744;-762204;-636399;-629744
426;-628778;-761263;-633697;-628778
427;-628121;-712113;-631908;-628121
428;-628121;-728256;-630151;-628121
429;-628121;-716982;-629980;-628121
430;-627667;-732586;-630551;-627667
431;-627577;-731233;-629919;-627577
432;-627526;-731863;-630434;-627526
433;-626922;-794821;-629788;-626922
434;-626635;-749371;-631002;-626635
435;-626286;-689126;-630862;-626286
436;-626000;-725358;-630059;-626000
437;-623421;-834839;-628028;-623421
438;-622965;-730149;-629314;-622965
439;-622965;-697601;-625837;-622965
440;-622387;-759710;-625331;-622387
441;-621091;-756966;-627594;-621091
442;-619502;-755445;-627268;-619502
443;-618583;-726221;-621684;-618583
444;-617731;-700930;-624282;-617731
445;-615902;-750601;-621639;-615902
446;-614094;-687540;-618414;-614094
447;-613793;-697096;-619246;-613793
448;-613400;-740377;-616801;-613400
449;-602707;-752785;-616745;-602707
450;-601409;-681366;-611611;-601409
451;-600979;-711089;-603925;-600979
452;-599569;-821407;-603442;-599569
453;-599005;-717363;-603275;-599005
454;-599005;-709675;-601010;-599005
455;-598318;-670453;-600778;-598318
456;-598197;-739380;-600970;-598197
457;-598197;-710756;-600506;-598197
458;-598197;-670314;-600493;-598197
459;-597933;-732507;-600298;-597933
460;-597643;-752851;-600430;-597643
461;-596656;-746478;-602175;-596656
462;-595386;-714981;-600761;-595386
463;-591956;-704384;-599116;-591956
464;-588067;-686823;-596787;-588067
465;-587389;-656313;-592074;-587389
466;-585675;-742618;-589705;-585675
467;-584900;-682639;-589902;-584900
468;-584480;-684475;-587969;-584480
469;-583740;-715161;-588955;-583740
470;-583359;-698683;-589205;-583359
471;-583159;-681342;-588375;-583159
472;-582522;-653721;-586566;-582522
473;-582111;-696083;-586175;-582111
474;-576881;-704103;-586942;-576881
475;-575089;-689315;-584949;-575089
476;-574593;-717220;-579049;-574593
477;-574133;-729389;-576711;-574133
478;-573769;-775019;-576894;-573769
479;-573498;-694760;-578001;-573498
480;-573149;-727549;-576099;-573149
481;-573061;-750087;-575805;-573061
482;-573061;-700566;-575778;-573061
483;-572998;-717288;-575698;-572998
484;-571411;-748962;-575706;-571411
485;-570984;-712382;-574311;-570984
486;-569456;-637175;-573682;-569456
487;-569180;-704786;-573075;-569180
488;-569180;-674934;-572114;-569180
489;-569180;-737104;-570867;-569180
490;-569180;-699301;-571518;-569180
491;-569097;-715864;-571334;-569097
492;-568894;-721562;-572387;-568894
493;-568894;-707326;-573323;-568894
494;-568894;-661652;-570920;-568894
495;-568894;-665988;-570789;-568894
496;-568894;-671147;-570827;-568894
497;-564481;-697969;-570551;-564481
498;-563546;-713525;-569156;-563546
499;-563406;-676170;-566191;-563406
500;-562356;-722112;-565698;-562356
501;-562356;-644644;-566118;-562356
502;-562356;-726499;-564573;-562356
503;-562356;-668753;-564613;-562356
504;-562356;-743048;-564928;-562356
505;-562356;-707043;-564727;-562356
506;-562356;-681823;-564938;-562356
507;-562356;-661589;-564580;-562356
508;-560984;-643280;-564669;-560984
509;-559750;-640451;-563607;-559750
510;-559750;-623364;-561986;-559750
511;-559750;-653091;-561659;-559750
512;-559750;-685014;-561408;-559750
513;-559750;-644426;-561973;-559750
514;-559703;-662442;-561748;-559703
515;-559164;-699874;-563098;-559164
516;-558102;-674008;-563381;-558102
517;-557619;-742888;-561485;-557619
518;-557291;-682579;-560726;-557291
519;-556958;-622227;-559791;-556958
520;-555226;-654241;-561142;-555226
521;-555204;-708656;-563899;-555204
522;-552246;-662722;-559971;-552246
523;-548640;-649196;-559479;-548640
524;-547127;-664087;-555213;-547127
525;-544544;-665145;-553394;-544544
526;-543968;-632696;-550611;-543968
527;-543503;-692116;-546783;-543503
528;-542632;-670403;-545781;-542632
529;-541136;-674784;-546682;-541136
530;-538594;-649635;-545799;-538594
531;-535851;-631710;-544443;-535851
532;-535567;-652518;-539537;-535567
533;-535567;-643012;-538051;-535567
534;-535567;-690468;-538284;-535567
535;-535567;-603288;-537261;-535567
536;-535429;-693521;-538019;-535429
537;-534997;-619440;-537412;-534997
538;-534030;-763917;-538156;-534030
539;-533016;-640278;-536900;-533016
540;-532328;-637770;-535140;-532328
541;-532189;-611568;-535181;-532189
542;-531976;-611990;-534283;-531976
543;-531839;-615560;-534808;-531839
544;-531808;-592545;-534249;-531808
545;-531808;-616702;-534245;-531808
546;-530795;-682003;-534203;-530795
547;-530341;-617540;-535510;-530341
548;-530249;-713393;-534776;-530249
549;-529828;-603577;-532950;-529828
550;-529353;-689214;-534161;-529353
551;-528579;-722254;-533956;-528579
552;-528070;-688056;-533475;-528070
553;-526802;-692417;-531538;-526802
554;-526709;-639622;-529074;-526709
555;-526709;-678908;-529078;-526709
556;-526709;-679134;-529279;-526709
557;-526709;-633256;-528663;-526709
558;-526709;-635259;-529064;-526709
559;-526709;-645737;-528884;-526709
560;-526709;-665129;-529244;-526709
561;-526709;-606644;-528458;-526709
562;-526367;-638231;-528653;-526367
563;-525989;-620876;-529597;-525989
564;-525794;-669908;-529677;-525794
565;-525794;-607883;-527897;-525794
566;-525794;-651976;-528125;-525794
567;-525794;-679235;-528205;-525794
568;-525746;-596625;-527831;-525746
569;-524774;-654466;-528978;-524774
570;-524186;-678772;-528391;-524186
571;-522694;-651008;-526192;-522694
572;-521684;-727642;-526926;-521684
573;-521684;-652591;-524637;-521684
574;-521330;-665108;-524310;-521330
575;-521330;-718461;-525045;-521330
576;-521021;-590377;-523400;-521021
577;-520493;-661412;-524602;-520493
578;-520421;-634731;-523927;-520421
579;-520362;-597229;-523884;-520362
580;-520051;-604676;-523609;-520051
581;-520051;-625988;-522104;-520051
582;-520051;-609763;-521889;-520051
583;-520051;-627904;-522138;-520051
584;-520051;-646874;-521996;-520051
585;-519488;-598118;-522205;-519488
586;-519161;-671624;-523222;-519161
587;-519161;-708358;-521483;-519161
588;-519114;-625867;-521420;-519114
589;-516921;-646705;-521861;-516921
590;-511109;-659785;-521506;-511109
591;-511010;-702927;-515305;-511010
592;-511010;-637796;-513643;-511010
593;-511010;-591670;-513058;-511010
594;-510992;-637830;-513555;-510992
595;-510578;-619522;-515723;-510578
596;-508880;-690832;-514673;-508880
597;-507892;-611157;-514549;-507892
598;-507892;-565867;-509540;-507892
599;-507892;-723411;-510390;-507892
600;-507340;-619801;-509838;-507340
601;-506864;-618659;-510306;-506864
602;-506124;-658977;-510632;-506124
603;-505229;-600387;-508943;-505229
604;-505229;-620521;-508856;-505229
605;-505229;-631821;-507533;-505229
606;-505229;-582591;-507239;-505229
607;-504823;-670633;-507514;-504823
608;-504368;-593944;-507926;-504368
609;-504203;-599646;-508917;-504203
610;-504057;-610316;-506475;-504057
611;-504034;-608631;-506185;-504034
612;-503605;-605894;-506020;-503605
613;-501643;-626108;-506799;-501643
614;-494508;-639069;-508278;-494508
615;-493960;-606245;-502718;-493960
616;-493350;-591174;-495931;-493350
617;-493350;-618071;-495850;-493350
618;-491898;-600878;-495681;-491898
619;-491898;-576690;-495716;-491898
620;-490617;-593311;-494384;-490617
621;-490305;-626070;-494937;-490305
622;-489390;-581573;-493479;-489390
623;-489131;-570482;-495016;-489131
624;-489131;-570068;-491331;-489131
625;-488731;-609256;-491421;-488731
626;-488731;-682289;-492893;-488731
627;-488571;-609323;-490796;-488571
628;-488571;-556168;-491164;-488571
629;-488461;-605569;-490783;-488461
630;-488222;-616134;-491225;-488222
631;-488222;-559350;-490598;-488222
632;-487463;-606387;-490598;-487463
633;-487074;-659234;-491499;-487074
634;-487023;-594062;-491970;-487023
635;-487023;-590502;-489676;-487023
636;-487023;-586551;-488947;-487023
637;-487023;-588415;-489090;-487023
638;-486841;-602066;-489704;-486841
639;-486097;-636120;-489757;-486097
640;-485339;-587669;-490237;-485339
641;-484771;-618827;-489121;-484771
642;-484771;-566411;-487436;-484771
643;-484771;-601822;-486713;-484771
644;-484771;-610459;-487015;-484771
645;-484771;-595612;-487173;-484771
646;-484771;-640138;-487582;-484771
647;-484771;-643965;-486555;-484771
648;-484771;-586801;-486647;-484771
649;-484767;-586043;-487081;-484767
650;-483983;-675254;-487448;-483983
651;-483038;-549818;-489017;-483038
652;-482432;-607530;-487338;-482432
653;-482385;-572382;-484746;-482385
654;-482385;-582652;-484771;-482385
655;-482297;-592212;-484606;-482297
656;-482297;-566047;-484898;-482297
657;-482297;-642697;-484961;-482297
658;-482281;-618882;-484093;-482281
659;-481911;-621659;-486549;-481911
660;-481826;-606129;-486280;-481826
661;-481826;-622083;-484238;-481826
662;-481780;-580210;-484380;-481780
663;-481036;-585037;-485082;-481036
664;-480616;-623290;-484781;-480616
665;-480616;-609723;-483388;-480616
666;-480130;-572855;-482969;-480130
667;-479913;-646888;-484724;-479913
668;-479913;-604615;-483274;-479913
669;-479913;-586251;-482034;-479913
670;-479913;-557943;-482422;-479913
671;-479913;-581224;-482303;-479913
672;-479502;-631063;-482325;-479502
673;-479499;-537090;-482822;-479499
674;-479279;-539469;-481628;-479279
675;-479016;-635873;-481901;-479016
676;-479016;-575831;-481313;-479016
677;-478984;-613281;-481383;-478984
678;-478637;-618983;-481475;-478637
679;-478122;-581599;-481297;-478122
680;-477944;-638110;-481757;-477944
681;-477944;-566668;-480111;-477944
682;-477944;-583722;-480636;-477944
683;-477944;-637462;-480420;-477944
684;-477944;-621386;-480416;-477944
685;-477944;-690748;-480551;-477944
686;-477944;-575699;-480248;-477944
687;-476969;-573851;-480393;-476969
688;-476969;-593982;-480716;-476969
689;-476784;-617112;-479208;-476784
690;-476529;-583144;-479504;-476529
691;-476165;-555005;-481377;-476165
692;-475745;-597935;-479734;-475745
693;-473763;-604266;-481175;-473763
694;-473342;-570703;-480533;-473342
695;-472796;-624979;-476019;-472796
696;-471708;-553007;-476452;-471708
697;-471708;-550742;-474014;-471708
698;-471526;-594143;-474507;-471526
699;-471526;-597036;-475650;-471526
700;-471504;-534484;-473506;-471504
701;-471042;-613551;-474709;-471042
702;-470885;-561177;-473933;-470885
703;-470885;-564768;-473010;-470885
704;-470885;-557780;-473158;-470885
705;-470885;-621843;-473443;-470885
706;-470885;-565130;-473045;-470885
707;-470799;-573560;-473323;-470799
708;-470696;-616812;-474358;-470696
709;-470696;-609944;-473720;-470696
710;-470696;-584329;-472979;-470696
711;-470659;-574260;-473504;-470659
712;-470651;-595178;-474257;-470651
713;-470651;-584891;-475960;-470651
714;-470651;-585446;-473048;-470651
715;-470651;-541567;-472851;-470651
716;-470423;-551901;-472372;-470423
717;-470191;-601830;-473656;-470191
718;-470191;-556298;-472991;-470191
719;-470191;-577100;-472663;-470191
720;-468124;-604687;-472433;-468124
721;-467880;-582202;-471925;-467880
722;-467880;-576713;-470148;-467880
723;-467880;-559123;-469554;-467880
724;-467880;-614360;-470112;-467880
725;-467880;-611939;-470412;-467880
726;-467880;-635865;-471073;-467880
727;-467622;-593223;-470209;-467622
728;-467622;-578067;-471493;-467622
729;-467622;-607155;-469924;-467622
730;-467622;-638947;-469756;-467622
731;-466877;-606991;-470495;-466877
732;-466877;-588373;-470378;-466877
733;-466877;-596087;-469636;-466877
734;-466877;-588265;-469166;-466877
735;-466877;-608193;-469316;-466877
736;-466877;-594228;-469108;-466877
737;-466877;-530240;-468701;-466877
738;-465996;-573801;-469162;-465996
739;-465561;-554666;-469227;-465561
740;-465431;-622941;-469345;-465431
741;-465431;-591400;-467586;-465431
742;-464944;-592693;-467685;-464944
743;-464771;-643998;-469081;-464771
744;-464771;-536992;-467194;-464771
745;-463193;-539338;-466940;-463193
746;-463172;-584162;-468118;-463172
747;-463165;-537071;-465427;-463165
748;-462011;-598197;-466052;-462011
749;-462011;-593329;-464920;-462011
750;-462011;-551190;-464493;-462011
751;-461846;-612989;-464186;-461846
752;-460498;-574104;-465777;-460498
753;-460498;-543229;-464078;-460498
754;-460183;-570407;-462559;-460183
755;-457772;-547535;-462821;-457772
756;-457405;-551283;-462312;-457405
757;-457189;-643864;-459881;-457189
758;-457055;-574476;-460802;-457055
759;-455260;-549720;-460086;-455260
760;-455231;-535730;-457769;-455231
761;-454969;-559075;-457465;-454969
762;-454969;-550722;-456989;-454969
763;-454556;-598016;-457116;-454556
764;-454337;-578291;-458020;-454337
765;-454337;-582514;-456839;-454337
766;-454337;-525612;-456093;-454337
767;-454337;-537613;-456526;-454337
768;-454337;-559069;-456603;-454337
769;-454337;-536284;-456572;-454337
770;-454337;-613236;-457056;-454337
771;-454204;-619244;-456617;-454204
772;-451916;-593854;-456137;-451916
773;-451519;-587013;-459361;-451519
774;-451519;-580314;-454188;-451519
775;-451412;-552969;-453780;-451412
776;-451202;-534648;-454354;-451202
777;-451202;-599288;-453957;-451202
778;-451202;-615655;-453706;-451202
779;-451202;-584912;-453123;-451202
780;-450727;-553583;-452957;-450727
781;-450531;-541384;-454500;-450531
782;-450484;-531609;-453904;-450484
783;-450028;-602299;-455544;-450028
784;-449756;-557038;-454771;-449756
785;-449756;-525463;-451722;-449756
786;-449756;-673633;-451717;-449756
787;-449756;-509514;-451298;-449756
788;-449756;-587418;-452152;-449756
789;-449756;-566082;-451633;-449756
790;-449532;-537998;-451831;-449532
791;-449452;-530694;-451598;-449452
792;-448752;-558621;-451481;-448752
793;-448752;-536209;-452280;-448752
794;-448752;-566336;-450636;-448752
795;-448752;-609427;-450925;-448752
796;-448752;-530948;-450600;-448752
797;-448752;-595790;-451403;-448752
798;-448609;-527038;-450839;-448609
799;-448609;-568186;-451610;-448609
800;-448609;-572010;-451199;-448609
801;-448609;-532862;-451104;-448609
802;-448609;-538609;-450554;-448609
803;-448609;-574149;-451132;-448609
804;-448609;-550133;-450673;-448609
805;-448552;-539587;-451011;-448552
806;-448552;-628114;-452023;-448552
807;-448176;-664051;-450808;-448176
808;-448126;-575777;-451126;-448126
809;-448126;-603843;-450803;-448126
810;-448126;-573155;-450245;-448126
811;-448126;-552946;-450396;-448126
812;-448126;-581714;-450601;-448126
813;-448048;-522500;-450668;-448048
814;-448048;-563282;-451780;-448048
815;-448048;-552005;-450742;-448048
816;-448048;-523787;-450086;-448048
817;-448048;-527632;-449935;-448048
818;-448048;-583079;-450418;-448048
819;-447599;-555378;-450013;-447599
820;-447599;-532023;-451574;-447599
821;-447585;-533515;-449488;-447585
822;-445685;-535273;-452266;-445685
823;-445685;-560048;-449227;-445685
824;-445685;-572551;-448101;-445685
825;-445685;-519869;-447827;-445685
826;-445685;-556046;-447745;-445685
827;-445385;-578973;-447790;-445385
828;-444407;-548700;-449092;-444407
829;-444386;-544509;-446982;-444386
830;-444386;-543818;-446721;-444386
831;-444386;-569506;-446566;-444386
832;-444386;-578760;-446562;-444386
833;-444207;-575599;-446856;-444207
834;-444207;-554558;-446371;-444207
835;-443977;-546461;-446203;-443977
836;-443844;-537441;-447656;-443844
837;-441420;-525261;-446357;-441420
838;-440783;-604878;-445970;-440783
839;-440711;-542356;-443501;-440711
840;-440711;-502958;-442747;-440711
841;-440711;-597328;-443015;-440711
842;-440568;-522124;-443252;-440568
843;-440568;-574871;-443019;-440568
844;-440539;-524340;-443059;-440539
845;-440539;-583533;-445100;-440539
846;-440539;-586864;-442339;-440539
847;-440408;-528330;-442566;-440408
848;-440408;-532957;-443246;-440408
849;-440408;-651612;-443139;-440408
850;-440122;-534311;-443193;-440122
851;-440041;-527455;-444034;-440041
852;-440041;-639768;-443157;-440041
853;-440041;-548929;-441894;-440041
854;-440041;-540685;-442482;-440041
855;-440041;-542657;-442370;-440041
856;-439636;-543006;-442442;-439636
857;-439614;-532725;-443050;-439614
858;-439614;-575927;-442235;-439614
859;-439307;-571342;-441906;-439307
860;-439307;-517941;-441554;-439307
861;-439307;-520221;-441651;-439307
862;-439307;-533430;-441923;-439307
863;-438766;-594912;-441682;-438766
864;-438454;-547436;-441126;-438454
865;-438454;-594788;-441056;-438454
866;-438202;-546119;-440231;-438202
867;-437511;-551780;-441306;-437511
868;-436687;-537206;-441391;-436687
869;-436074;-595538;-440680;-436074
870;-436074;-537660;-438324;-436074
871;-436074;-539224;-438269;-436074
872;-435957;-578974;-438318;-435957
873;-435957;-507347;-438635;-435957
874;-434881;-513798;-438225;-434881
875;-434881;-550006;-439999;-434881
876;-434881;-577738;-437604;-434881
877;-433215;-525176;-436967;-433215
878;-433215;-582754;-435949;-433215
879;-432877;-588302;-435537;-432877
880;-432449;-527944;-435998;-432449
881;-432449;-599853;-435099;-432449
882;-432439;-584889;-434725;-432439
883;-432439;-559871;-436174;-432439
884;-431885;-536694;-434405;-431885
885;-431885;-517901;-434268;-431885
886;-431885;-532300;-434755;-431885
887;-431885;-546344;-434253;-431885
888;-431695;-555645;-434364;-431695
889;-430277;-539942;-434705;-430277
890;-430277;-597220;-433933;-430277
891;-430277;-550713;-432487;-430277
892;-430277;-564295;-432538;-430277
893;-430277;-499505;-432376;-430277
894;-428253;-557457;-432593;-428253
895;-428253;-530963;-431830;-428253
896;-428253;-503819;-430820;-428253
897;-427900;-535487;-430607;-427900
898;-427784;-583555;-431028;-427784
899;-427226;-526855;-431084;-427226
900;-427077;-571867;-431130;-427077
901;-426651;-524270;-429604;-426651
902;-426651;-493443;-429693;-426651
903;-425961;-514926;-429027;-425961
904;-425187;-514635;-429823;-425187
905;-425187;-484956;-427994;-425187
906;-425080;-532018;-427478;-425080
907;-424587;-559920;-428242;-424587
908;-424340;-505346;-426936;-424340
909;-424258;-559518;-427949;-424258
910;-423585;-540082;-428023;-423585
911;-423440;-549865;-426045;-423440
912;-422967;-634644;-428372;-422967
913;-422579;-547875;-428678;-422579
914;-422579;-620972;-425980;-422579
915;-422579;-522787;-424630;-422579
916;-422579;-594192;-424907;-422579
917;-422579;-568579;-424960;-422579
918;-422579;-608378;-425490;-422579
919;-422579;-543637;-425266;-422579
920;-422579;-583209;-425177;-422579
921;-422579;-550137;-425405;-422579
922;-422393;-571246;-424895;-422393
923;-422393;-510990;-424705;-422393
924;-422393;-524353;-424628;-422393
925;-422393;-550069;-424497;-422393
926;-422159;-569555;-424711;-422159
927;-421852;-503898;-424785;-421852
928;-421779;-524191;-425100;-421779
929;-421779;-494803;-424061;-421779
930;-420727;-544572;-424085;-420727
931;-420658;-567765;-424031;-420658
932;-420594;-485751;-424481;-420594
933;-420347;-532094;-424960;-420347
934;-419848;-546475;-424311;-419848
935;-419754;-515633;-424228;-419754
936;-419017;-493988;-423200;-419017
937;-418003;-539108;-424416;-418003
938;-417431;-509366;-422678;-417431
939;-417431;-524603;-420637;-417431
940;-417333;-494849;-419958;-417333
941;-417333;-534543;-420977;-417333
942;-417333;-553808;-419687;-417333
943;-417333;-557003;-419707;-417333
944;-417333;-547717;-419449;-417333
945;-417138;-490063;-419390;-417138
946;-417138;-491731;-419753;-417138
947;-416999;-568845;-419820;-416999
948;-416624;-498614;-419937;-416624
949;-416624;-496451;-418913;-416624
950;-416614;-548271;-418895;-416614
951;-416614;-565307;-420516;-416614
952;-416614;-532414;-419307;-416614
953;-416614;-567139;-418805;-416614
954;-416538;-528171;-419008;-416538
955;-416359;-529620;-420154;-416359
956;-416196;-546858;-418944;-416196
957;-416196;-533107;-418039;-416196
958;-415116;-536874;-418495;-415116
959;-415116;-525040;-417947;-415116
960;-415116;-508679;-417452;-415116
961;-415116;-515869;-417204;-415116
962;-415116;-497101;-417006;-415116
963;-415116;-570628;-417911;-415116
964;-415116;-493414;-416780;-415116
965;-415116;-540334;-417696;-415116
966;-415116;-489264;-417009;-415116
967;-415114;-480443;-416764;-415114
968;-414905;-545572;-417155;-414905
969;-414799;-515788;-418353;-414799
970;-414799;-506452;-417127;-414799
971;-413905;-498875;-417272;-413905
972;-413656;-530273;-416864;-413656
973;-413656;-526836;-416100;-413656
974;-413477;-499565;-415767;-413477
975;-413341;-556517;-416446;-413341
976;-413162;-557906;-416572;-413162
977;-412806;-578153;-415702;-412806
978;-412528;-498640;-416084;-412528
979;-412462;-552689;-415571;-412462
980;-412407;-515596;-415594;-412407
981;-412069;-500907;-415939;-412069
982;-411744;-496124;-414955;-411744
983;-411744;-481553;-415385;-411744
984;-411744;-523256;-414141;-411744
985;-411744;-556061;-414500;-411744
986;-411744;-561119;-414380;-411744
987;-411744;-520227;-414536;-411744
988;-411486;-559026;-414241;-411486
989;-411328;-534667;-414226;-411328
990;-411028;-470653;-414300;-411028
991;-410801;-497788;-413825;-410801
992;-410608;-538510;-413868;-410608
993;-410526;-505819;-412925;-410526
994;-410166;-560291;-413499;-410166
995;-410113;-576282;-413479;-410113
996;-410068;-537115;-412436;-410068
997;-409649;-581825;-413325;-409649
998;-409649;-491286;-412230;-409649
999;-409649;-532945;-412139;-409649
1000;-409649;-531753;-412322;-409649
1001;-409649;-497046;-411711;-409649
1002;-409649;-508618;-411601;-409649
1003;-409649;-581491;-411851;-409649
1004;-409649;-529139;-411621;-409649
1005;-409649;-496040;-411669;-409649
1006;-409649;-554604;-411741;-409649
1007;-409568;-524760;-412252;-409568
1008;-409132;-523999;-412694;-409132
1009;-409132;-524043;-412296;-409132
1010;-409120;-550613;-411902;-409120
1011;-409120;-524244;-412581;-409120
1012;-409120;-604611;-411319;-409120
1013;-409120;-530154;-410987;-409120
1014;-409120;-536176;-411948;-409120
1015;-409108;-489150;-411632;-409108
1016;-408875;-503411;-412077;-408875
1017;-408473;-526466;-411296;-408473
1018;-408250;-522016;-412018;-408250
1019;-408093;-514916;-411244;-408093
1020;-408093;-495306;-410830;-408093
1021;-408036;-522115;-410432;-408036
1022;-408036;-554021;-412460;-408036
1023;-408036;-516203;-410254;-408036
1024;-408036;-526519;-410197;-408036
1025;-407735;-523346;-410405;-407735
1026;-407532;-510371;-412374;-407532
1027;-407532;-517575;-409701;-407532
1028;-407532;-574339;-409805;-407532
1029;-407532;-476842;-409995;-407532
1030;-407532;-481844;-409890;-407532
1031;-407532;-568121;-409848;-407532
1032;-407532;-499849;-409412;-407532
1033;-407532;-494049;-409432;-407532
1034;-407532;-520848;-409982;-407532
1035;-407532;-511609;-409642;-407532
1036;-407532;-489732;-409746;-407532
1037;-407532;-537682;-409822;-407532
1038;-407437;-507747;-409651;-407437
1039;-407404;-559727;-410290;-407404
1040;-407176;-522413;-410605;-407176
1041;-406908;-606946;-410330;-406908
1042;-406679;-500352;-409911;-406679
1043;-406679;-491923;-408888;-406679
1044;-406534;-571606;-409190;-406534
1045;-406534;-484964;-409933;-406534
1046;-406534;-510810;-408531;-406534
1047;-406534;-474787;-408069;-406534
1048;-406534;-485033;-408926;-406534
1049;-406534;-505375;-408943;-406534
1050;-406487;-562083;-408648;-406487
1051;-406487;-482978;-409346;-406487
1052;-406487;-496232;-408854;-406487
1053;-406487;-483659;-408518;-406487
1054;-406447;-516370;-408412;-406447
1055;-405930;-542209;-410290;-405930
1056;-405930;-595742;-409327;-405930
1057;-405930;-539505;-408441;-405930
1058;-405930;-573946;-408558;-405930
1059;-405817;-478260;-407725;-405817
1060;-405817;-556679;-408426;-405817
1061;-405817;-535975;-408437;-405817
1062;-405719;-563782;-408200;-405719
1063;-404823;-471443;-408910;-404823
1064;-404724;-511658;-409608;-404724
1065;-404724;-472922;-406863;-404724
1066;-404724;-523263;-406683;-404724
1067;-404724;-471944;-406715;-404724
1068;-404724;-521008;-407170;-404724
1069;-404724;-572740;-406775;-404724
1070;-404724;-464932;-407053;-404724
1071;-404724;-579203;-407284;-404724
1072;-404133;-547722;-407329;-404133
1073;-404133;-466980;-406835;-404133
1074;-404015;-526854;-406205;-404015
1075;-404015;-496679;-408395;-404015
1076;-404015;-532067;-406264;-404015
1077;-404015;-510723;-406386;-404015
1078;-404015;-474111;-405864;-404015
1079;-404015;-571459;-406301;-404015
1080;-404015;-534084;-406536;-404015
1081;-404015;-540584;-406248;-404015
1082;-404015;-528930;-407724;-404015
1083;-404015;-479927;-406607;-404015
1084;-404015;-483489;-406059;-404015
1085;-404015;-531424;-406372;-404015
1086;-404015;-495493;-406616;-404015
1087;-404015;-533004;-406249;-404015
1088;-404015;-464184;-405690;-404015
1089;-404015;-535073;-406316;-404015
1090;-404015;-560618;-406488;-404015
1091;-403558;-498197;-405785;-403558
1092;-403558;-506345;-407266;-403558
1093;-403482;-542971;-406212;-403482
1094;-403482;-534746;-407615;-403482
1095;-403223;-484414;-405681;-403223
1096;-403223;-531746;-405781;-403223
1097;-403223;-516084;-405098;-403223
1098;-403138;-474288;-405443;-403138
1099;-402208;-505078;-407316;-402208
1100;-402208;-499335;-405589;-402208
1101;-402208;-530912;-404602;-402208
1102;-402208;-515561;-404714;-402208
1103;-401869;-528173;-404110;-401869
1104;-401785;-493945;-404121;-401785
1105;-401586;-476387;-404153;-401586
1106;-401561;-514183;-404002;-401561
1107;-401362;-478803;-404119;-401362
1108;-401362;-541672;-403560;-401362
1109;-401314;-570842;-403495;-401314
1110;-401307;-514578;-404435;-401307
1111;-401163;-558290;-403342;-401163
1112;-401163;-460097;-403507;-401163
1113;-401163;-488445;-403101;-401163
1114;-401163;-525205;-403405;-401163
1115;-401163;-467592;-402851;-401163
1116;-400880;-565435;-403180;-400880
1117;-400604;-527737;-403211;-400604
1118;-400604;-571117;-403972;-400604
1119;-400603;-544956;-402724;-400603
1120;-400278;-508587;-403918;-400278
1121;-400278;-538679;-403200;-400278
1122;-400129;-544864;-402899;-400129
1123;-400129;-475413;-402590;-400129
1124;-400048;-515440;-402764;-400048
1125;-400048;-533137;-402817;-400048
1126;-400048;-507169;-402173;-400048
1127;-400048;-536843;-402195;-400048
1128;-400048;-471839;-402311;-400048
1129;-400048;-495767;-402099;-400048
1130;-400048;-540192;-402119;-400048
1131;-400048;-474266;-401371;-400048
1132;-399891;-479942;-402463;-399891
1133;-399891;-463290;-402321;-399891
1134;-399891;-555418;-402121;-399891
1135;-399891;-485105;-402151;-399891
1136;-399891;-531619;-402368;-399891
1137;-399891;-471238;-401864;-399891
1138;-399891;-569367;-402184;-399891
1139;-399891;-520671;-402344;-399891
1140;-399128;-487226;-401833;-399128
1141;-399027;-535259;-401542;-399027
1142;-399020;-527512;-401465;-399020
1143;-398804;-536712;-401023;-398804
1144;-398804;-495017;-401052;-398804
1145;-398804;-511140;-400970;-398804
1146;-398804;-513855;-400837;-398804
1147;-398332;-542415;-401083;-398332
1148;-397338;-515462;-403560;-397338
1149;-397338;-514655;-399724;-397338
1150;-397338;-508552;-399408;-397338
1151;-397338;-512025;-399720;-397338
1152;-397338;-533440;-399955;-397338
1153;-397338;-491593;-399818;-397338
1154;-397338;-499050;-400146;-397338
1155;-395876;-521794;-399691;-395876
1156;-395876;-492779;-399799;-395876
1157;-395876;-479158;-398276;-395876
1158;-395876;-567556;-398646;-395876
1159;-395876;-500331;-397803;-395876
1160;-395791;-521349;-398535;-395791
1161;-395764;-489825;-399362;-395764
1162;-395764;-508198;-399621;-395764
1163;-393807;-484795;-397763;-393807
1164;-392714;-512602;-397095;-392714
1165;-392714;-552091;-395476;-392714
1166;-392714;-510499;-395348;-392714
1167;-392714;-511287;-395245;-392714
1168;-392714;-508371;-394815;-392714
1169;-392714;-531872;-394868;-392714
1170;-392555;-548593;-395056;-392555
1171;-392396;-518267;-395060;-392396
1172;-392381;-507908;-394620;-392381
1173;-392381;-521276;-394630;-392381
1174;-392381;-539545;-394779;-392381
1175;-392381;-463954;-394711;-392381
1176;-392381;-532605;-394565;-392381
1177;-392381;-557139;-395111;-392381
1178;-392325;-490877;-395028;-392325
1179;-391762;-507067;-395587;-391762
1180;-391434;-513976;-395277;-391434
1181;-391434;-466004;-393728;-391434
1182;-391434;-527413;-393886;-391434
1183;-391434;-492925;-393430;-391434
1184;-391434;-520898;-393967;-391434
1185;-391434;-519881;-394559;-391434
1186;-391364;-473628;-393426;-391364
1187;-391364;-501995;-394359;-391364
1188;-391364;-548954;-393539;-391364
1189;-391364;-482607;-393224;-391364
1190;-391364;-519836;-393534;-391364
1191;-391364;-518190;-393682;-391364
1192;-391364;-487531;-393309;-391364
1193;-391262;-502340;-393625;-391262
1194;-391050;-505826;-395241;-391050
1195;-390750;-480946;-395930;-390750
1196;-390589;-514890;-395905;-390589
1197;-389943;-514232;-392593;-389943
1198;-388054;-531775;-392856;-388054
1199;-388054;-477474;-391488;-388054
1200;-388054;-460723;-390393;-388054
1201;-388031;-520478;-390271;-388031
1202;-388031;-466655;-390465;-388031
1203;-388031;-500335;-390785;-388031
1204;-388031;-547359;-390647;-388031
1205;-388031;-481708;-390839;-388031
1206;-388031;-469393;-390547;-388031
1207;-387209;-527253;-390699;-387209
1208;-387209;-496255;-391988;-387209
1209;-387192;-514047;-389425;-387192
1210;-387192;-541369;-390004;-387192
1211;-387192;-464255;-389650;-387192
1212;-387117;-527737;-389916;-387117
1213;-387117;-513596;-391247;-387117
1214;-387117;-515069;-389625;-387117
1215;-386935;-452898;-389218;-386935
1216;-386935;-474221;-391266;-386935
1217;-386852;-504947;-389386;-386852
1218;-386852;-496829;-390240;-386852
1219;-386852;-506384;-389676;-386852
1220;-386755;-576020;-389635;-386755
1221;-386515;-481346;-389610;-386515
1222;-385962;-540305;-391400;-385962
1223;-385962;-508549;-388493;-385962
1224;-385962;-490345;-388391;-385962
1225;-385962;-455555;-387886;-385962
1226;-385962;-487742;-388457;-385962
1227;-385962;-517094;-388489;-385962
1228;-385962;-542047;-388380;-385962
1229;-385913;-450153;-387952;-385913
1230;-385640;-468791;-389759;-385640
1231;-385640;-536800;-389046;-385640
1232;-385317;-495702;-387862;-385317
1233;-385141;-488976;-388528;-385141
1234;-385141;-469345;-387886;-385141
1235;-385141;-518968;-387146;-385141
1236;-385141;-508154;-387683;-385141
1237;-385141;-504083;-387556;-385141
1238;-385141;-505560;-387274;-385141
1239;-385095;-513755;-387389;-385095
1240;-384820;-478705;-387352;-384820
1241;-384820;-510045;-387551;-384820
1242;-384820;-503151;-387464;-384820
1243;-384746;-483357;-387092;-384746
1244;-384746;-495768;-387784;-384746
1245;-384746;-515868;-387163;-384746
1246;-384746;-536773;-387721;-384746
1247;-384746;-477707;-386620;-384746
1248;-384030;-480798;-387189;-384030
1249;-384005;-510826;-387290;-384005
1250;-383851;-459531;-386898;-383851
1251;-383851;-466870;-386274;-383851
1252;-383851;-519078;-386026;-383851
1253;-383851;-488163;-385827;-383851
1254;-383080;-551187;-385945;-383080
1255;-383080;-499781;-388189;-383080
1256;-383080;-442876;-384990;-383080
1257;-383080;-486118;-385435;-383080
1258;-383039;-505392;-385695;-383039
1259;-383039;-480275;-385316;-383039
1260;-383039;-449662;-385500;-383039
1261;-383039;-479114;-385659;-383039
1262;-383039;-469293;-385132;-383039
1263;-382949;-533962;-385472;-382949
1264;-382949;-546952;-386341;-382949
1265;-382949;-478832;-385736;-382949
1266;-382827;-485203;-384848;-382827
1267;-382427;-535072;-386654;-382427
1268;-382306;-510184;-385930;-382306
1269;-382306;-485807;-385580;-382306
1270;-382231;-455881;-384262;-382231
1271;-382231;-490547;-384682;-382231
1272;-382231;-518744;-384900;-382231
1273;-382231;-464006;-384506;-382231
1274;-382153;-483771;-384452;-382153
1275;-381884;-462125;-384149;-381884
1276;-381884;-491214;-384157;-381884
1277;-381884;-460946;-383963;-381884
1278;-381884;-519090;-383940;-381884
1279;-381884;-444679;-384012;-381884
1280;-381884;-521687;-383971;-381884
1281;-381884;-507429;-383984;-381884
1282;-381819;-509093;-384397;-381819
1283;-381818;-471508;-385988;-381818
1284;-380342;-489197;-383935;-380342
1285;-380342;-519024;-383895;-380342
1286;-380342;-541708;-382224;-380342
1287;-380342;-499852;-382453;-380342
1288;-380342;-460311;-382332;-380342
1289;-380342;-460206;-382268;-380342
1290;-380342;-492255;-382904;-380342
1291;-380342;-492731;-382621;-380342
1292;-380342;-472790;-382455;-380342
1293;-380342;-502912;-382962;-380342
1294;-380342;-532708;-382725;-380342
1295;-380342;-491188;-382572;-380342
1296;-380342;-487140;-382565;-380342
1297;-380342;-481812;-382705;-380342
1298;-380334;-481831;-382706;-380334
1299;-380265;-503325;-384829;-380265
1300;-379342;-505538;-384274;-379342
1301;-379342;-474566;-382909;-379342
1302;-379342;-469396;-381703;-379342
1303;-379342;-477049;-381736;-379342
1304;-379342;-472840;-381762;-379342
1305;-378349;-467471;-382094;-378349
1306;-378349;-484150;-382832;-378349
1307;-378349;-494978;-380855;-378349
1308;-377243;-497823;-381133;-377243
1309;-376872;-541373;-381933;-376872
1310;-376742;-499043;-379217;-376742
1311;-376535;-475493;-380899;-376535
1312;-375242;-453112;-379471;-375242
1313;-374986;-477841;-379971;-374986
1314;-374986;-472625;-378411;-374986
1315;-374464;-473416;-377464;-374464
1316;-374464;-503688;-377438;-374464
1317;-374464;-472624;-376880;-374464
1318;-374464;-483629;-376965;-374464
1319;-374464;-460830;-376860;-374464
1320;-374464;-578300;-376773;-374464
1321;-374464;-449301;-376615;-374464
1322;-374446;-460994;-376656;-374446
1323;-374446;-504737;-378463;-374446
1324;-374441;-475804;-376850;-374441
1325;-374441;-463897;-376807;-374441
1326;-374441;-492036;-376406;-374441
1327;-374441;-485396;-376557;-374441
1328;-373354;-438803;-376454;-373354
1329;-372824;-448423;-376935;-372824
1330;-372069;-486010;-376556;-372069
1331;-372059;-496875;-375470;-372059
1332;-372059;-600496;-374351;-372059
1333;-372059;-456641;-374200;-372059
1334;-371577;-496753;-374493;-371577
1335;-371577;-489168;-373775;-371577
1336;-370929;-521875;-374188;-370929
1337;-370929;-451322;-374257;-370929
1338;-370929;-445481;-372698;-370929
1339;-370929;-476152;-373644;-370929
1340;-370746;-448713;-372920;-370746
1341;-370559;-443365;-372843;-370559
1342;-370559;-483932;-373178;-370559
1343;-370559;-477555;-373300;-370559
1344;-370559;-497364;-373157;-370559
1345;-370559;-496476;-373195;-370559
1346;-370421;-473617;-372505;-370421
1347;-370070;-464460;-373469;-370070
1348;-370070;-481827;-373037;-370070
1349;-370070;-428568;-372067;-370070
1350;-370070;-458996;-372622;-370070
1351;-370070;-448243;-372334;-370070
1352;-370070;-443913;-372430;-370070
1353;-370070;-492944;-372699;-370070
1354;-370070;-476133;-372922;-370070
1355;-370070;-456265;-372787;-370070
1356;-370070;-525851;-373413;-370070
1357;-370070;-525209;-372160;-370070
1358;-370070;-453121;-372949;-370070
1359;-370070;-450786;-372173;-370070
1360;-370070;-450814;-372123;-370070
1361;-370070;-479224;-372169;-370070
1362;-370070;-504525;-372630;-370070
1363;-370070;-442290;-372256;-370070
1364;-370070;-494937;-372370;-370070
1365;-370070;-492182;-372860;-370070
1366;-370070;-484758;-372844;-370070
1367;-370040;-479992;-372232;-370040
1368;-370040;-490974;-372984;-370040
1369;-370040;-483244;-372493;-370040
1370;-370040;-456984;-372338;-370040
1371;-370040;-438411;-372168;-370040
1372;-369832;-425428;-371479;-369832
1373;-369832;-488743;-372412;-369832
1374;-369707;-464199;-371967;-369707
1375;-368211;-491190;-372359;-368211
1376;-368211;-504624;-371143;-368211
1377;-368211;-445176;-370561;-368211
1378;-368211;-529489;-370602;-368211
1379;-368211;-457494;-370646;-368211
1380;-368211;-533798;-370499;-368211
1381;-368211;-463449;-370231;-368211
1382;-367943;-475606;-370191;-367943
1383;-367943;-466777;-371757;-367943
1384;-367943;-454351;-369805;-367943
1385;-367943;-482666;-370232;-367943
1386;-367943;-457090;-370103;-367943
1387;-367943;-498200;-369987;-367943
1388;-367943;-518015;-370127;-367943
1389;-367907;-517343;-370168;-367907
1390;-367907;-447381;-371294;-367907
1391;-367907;-437873;-369715;-367907
1392;-367907;-432079;-370287;-367907
1393;-367513;-494309;-370137;-367513
1394;-367513;-496239;-371377;-367513
1395;-367513;-528741;-369775;-367513
1396;-367513;-487455;-370030;-367513
1397;-367513;-454942;-369748;-367513
1398;-367513;-471128;-370105;-367513
1399;-367513;-457120;-369638;-367513
1400;-367513;-453176;-369819;-367513
1401;-367513;-516896;-370130;-367513
1402;-367513;-424052;-369336;-367513
1403;-367513;-447260;-369249;-367513
1404;-367513;-493590;-369892;-367513
1405;-367513;-453719;-370112;-367513
1406;-367513;-501541;-369785;-367513
1407;-367513;-465882;-369320;-367513
1408;-367513;-464445;-370448;-367513
1409;-367513;-458620;-369613;-367513
1410;-367513;-434081;-369621;-367513
1411;-367513;-463730;-370023;-367513
1412;-367513;-431387;-369677;-367513
1413;-367513;-479337;-370344;-367513
1414;-367513;-474879;-369729;-367513
1415;-367513;-473792;-370019;-367513
1416;-367513;-468627;-369745;-367513
1417;-367100;-491880;-369616;-367100
1418;-367085;-422013;-370886;-367085
1419;-366888;-481262;-370633;-366888
1420;-366888;-444878;-369691;-366888
1421;-366888;-436213;-368790;-366888
1422;-366819;-466562;-369578;-366819
1423;-366659;-447394;-369426;-366659
1424;-366659;-535878;-369200;-366659
1425;-366659;-474254;-369345;-366659
1426;-366659;-516226;-369131;-366659
1427;-366659;-466850;-369356;-366659
1428;-366659;-449955;-368907;-366659
1429;-366659;-504671;-369390;-366659
1430;-366659;-501879;-368685;-366659
1431;-366659;-452021;-369259;-366659
1432;-366659;-482899;-369006;-366659
1433;-366659;-555445;-368827;-366659
1434;-366637;-505476;-368849;-366637
1435;-366637;-449941;-370200;-366637
1436;-366566;-491744;-368956;-366566
1437;-365835;-494562;-370126;-365835
1438;-365835;-541528;-369695;-365835
1439;-365835;-463796;-367879;-365835
1440;-365835;-503711;-368093;-365835
1441;-365835;-436997;-367961;-365835
1442;-365835;-470220;-368222;-365835
1443;-365835;-513891;-368205;-365835
1444;-365835;-478816;-367818;-365835
1445;-365835;-428738;-367780;-365835
1446;-365835;-467105;-368505;-365835
1447;-365835;-518757;-368124;-365835
1448;-365835;-474286;-368113;-365835
1449;-365835;-457174;-368022;-365835
1450;-365835;-465074;-368607;-365835
1451;-365449;-539655;-368375;-365449
1452;-365449;-433826;-369025;-365449
1453;-364858;-488982;-367871;-364858
1454;-364278;-556614;-367548;-364278
1455;-364278;-482233;-366896;-364278
1456;-364278;-475597;-367048;-364278
1457;-364278;-441882;-366449;-364278
1458;-364278;-455637;-366286;-364278
1459;-364278;-421527;-366107;-364278
1460;-364088;-478384;-366639;-364088
1461;-364016;-444676;-367915;-364016
1462;-363356;-483717;-368226;-363356
1463;-363356;-449717;-365835;-363356
1464;-363356;-464163;-365236;-363356
1465;-363356;-469372;-365795;-363356
1466;-363244;-507244;-366061;-363244
1467;-363244;-534660;-366892;-363244
1468;-363244;-520459;-365550;-363244
1469;-363244;-476562;-366018;-363244
1470;-363244;-447769;-365250;-363244
1471;-363151;-481661;-365417;-363151
1472;-363151;-454537;-367906;-363151
1473;-363151;-493624;-365274;-363151
1474;-363151;-454258;-365532;-363151
1475;-363151;-518671;-365413;-363151
1476;-363151;-478621;-365662;-363151
1477;-363151;-434057;-365435;-363151
1478;-363151;-529046;-365417;-363151
1479;-363151;-473624;-365474;-363151
1480;-363151;-471817;-365871;-363151
1481;-363151;-468148;-365400;-363151
1482;-363151;-477027;-365805;-363151
1483;-363151;-504325;-365429;-363151
1484;-363150;-495837;-365914;-363150
1485;-362456;-444771;-366790;-362456
1486;-362456;-492948;-366665;-362456
1487;-362456;-469363;-364678;-362456
1488;-362456;-438812;-364327;-362456
1489;-362456;-465061;-364774;-362456
1490;-362456;-464832;-365307;-362456
1491;-362456;-567035;-365492;-362456
1492;-362456;-456187;-364733;-362456
1493;-362456;-451735;-364755;-362456
1494;-362456;-466610;-365140;-362456
1495;-362456;-458435;-364309;-362456
1496;-362066;-491837;-364742;-362066
1497;-362066;-456870;-365026;-362066
1498;-362066;-462605;-363952;-362066
1499;-362066;-506439;-364677;-362066
1500;-362066;-495971;-363709;-362066
1501;-362066;-426000;-364290;-362066
1502;-362066;-453411;-364165;-362066
1503;-362066;-500937;-364225;-362066
1504;-362066;-484920;-364786;-362066
1505;-362012;-496272;-365362;-362012
1506;-362012;-455679;-365226;-362012
1507;-361587;-503701;-364403;-361587
1508;-361587;-435537;-364465;-361587
1509;-361587;-499159;-363558;-361587
1510;-361587;-492059;-364217;-361587
1511;-361587;-516466;-363839;-361587
1512;-361587;-503200;-363995;-361587
1513;-361587;-516246;-364362;-361587
1514;-361471;-464289;-363495;-361471
1515;-361187;-485715;-365289;-361187
1516;-358261;-492622;-363864;-358261
1517;-357976;-477896;-362189;-357976
1518;-357976;-474812;-360169;-357976
1519;-357976;-491826;-360454;-357976
1520;-357976;-439941;-360346;-357976
1521;-357976;-457011;-360096;-357976
1522;-357789;-469471;-360277;-357789
1523;-357789;-489732;-361284;-357789
1524;-357789;-489604;-360558;-357789
1525;-357789;-473382;-360362;-357789
1526;-357245;-447931;-359983;-357245
1527;-356997;-479746;-360567;-356997
1528;-356997;-462569;-359707;-356997
1529;-356997;-466763;-359474;-356997
1530;-356997;-436855;-359156;-356997
1531;-356997;-498954;-359117;-356997
1532;-356023;-440442;-359026;-356023
1533;-356023;-460141;-359612;-356023
1534;-356023;-446175;-357803;-356023
1535;-356023;-466575;-358575;-356023
1536;-356023;-457249;-358460;-356023
1537;-356023;-480354;-358639;-356023
1538;-356023;-502915;-358030;-356023
1539;-356023;-484759;-358477;-356023
1540;-356023;-457371;-358671;-356023
1541;-356023;-496933;-358659;-356023
1542;-355323;-462630;-358018;-355323
1543;-355008;-491047;-359213;-355008
1544;-354481;-451804;-359702;-354481
1545;-353863;-474198;-357486;-353863
1546;-353684;-481126;-356660;-353684
1547;-353684;-421528;-355352;-353684
1548;-353460;-482531;-356166;-353460
1549;-353212;-558258;-358075;-353212
1550;-353113;-457248;-357057;-353113
1551;-353113;-454202;-355919;-353113
1552;-353113;-484448;-356482;-353113
1553;-353113;-457550;-355445;-353113
1554;-353113;-457982;-355260;-353113
1555;-353113;-502045;-355582;-353113
1556;-353113;-452013;-355692;-353113
1557;-353113;-458265;-354879;-353113
1558;-353113;-511731;-355400;-353113
1559;-353113;-472164;-356009;-353113
1560;-353113;-453266;-355705;-353113
1561;-353113;-472117;-355398;-353113
1562;-353113;-479097;-355294;-353113
1563;-353113;-451983;-355303;-353113
1564;-353113;-448775;-355609;-353113
1565;-353113;-483489;-355691;-353113
1566;-353113;-463288;-355373;-353113
1567;-353113;-476742;-355665;-353113
1568;-353113;-451611;-355428;-353113
1569;-353113;-462509;-355557;-353113
1570;-353113;-452690;-355291;-353113
1571;-353113;-443793;-355429;-353113
1572;-353113;-481925;-355309;-353113
1573;-353113;-432009;-355484;-353113
1574;-353113;-476092;-355808;-353113
1575;-353113;-476334;-355644;-353113
1576;-353113;-478897;-355686;-353113
1577;-353113;-503133;-356086;-353113
1578;-353113;-460738;-355390;-353113
1579;-353113;-457010;-355329;-353113
1580;-353090;-440350;-355458;-353090
1581;-353050;-461048;-355579;-353050
1582;-353019;-448761;-356592;-353019
1583;-352875;-460565;-355411;-352875
1584;-352875;-475494;-355362;-352875
1585;-352875;-467305;-355217;-352875
1586;-352875;-445375;-355428;-352875
1587;-352875;-447153;-355068;-352875
1588;-352754;-470855;-355689;-352754
1589;-352754;-450263;-355767;-352754
1590;-352711;-477178;-354942;-352711
1591;-352665;-434206;-355664;-352665
1592;-352665;-452528;-356043;-352665
1593;-352665;-475474;-355988;-352665
1594;-352665;-466287;-355015;-352665
1595;-351593;-526453;-355605;-351593
1596;-351593;-593799;-361515;-351593
1597;-351593;-426446;-353878;-351593
1598;-351352;-469236;-354311;-351352
1599;-351004;-486488;-354391;-351004
1600;-351004;-457320;-354159;-351004
1601;-350880;-467710;-354007;-350880
1602;-350880;-467887;-354562;-350880
1603;-349966;-476380;-353315;-349966
1604;-349966;-545830;-354411;-349966
1605;-349844;-497405;-352502;-349844
1606;-349844;-489569;-352585;-349844
1607;-349844;-457415;-352422;-349844
1608;-349844;-489184;-352402;-349844
1609;-349844;-468782;-352674;-349844
1610;-349844;-475189;-352367;-349844
1611;-349844;-458234;-352033;-349844
1612;-349844;-436217;-352101;-349844
1613;-349844;-504015;-352049;-349844
1614;-349844;-524540;-352246;-349844
1615;-349711;-438847;-351851;-349711
1616;-349354;-512732;-352591;-349354
1617;-349354;-437601;-352139;-349354
1618;-349354;-531543;-351994;-349354
1619;-349352;-466332;-351778;-349352
1620;-349352;-424601;-351530;-349352
1621;-349313;-449638;-351920;-349313
1622;-349169;-450901;-351740;-349169
1623;-349169;-445251;-351825;-349169
1624;-349169;-418705;-351592;-349169
1625;-349169;-437541;-351430;-349169
1626;-349169;-437348;-351657;-349169
1627;-348751;-450114;-351467;-348751
1628;-348751;-463057;-352751;-348751
1629;-348751;-429206;-351162;-348751
1630;-348751;-433052;-351079;-348751
1631;-348702;-479109;-350604;-348702
1632;-348564;-477923;-352096;-348564
1633;-348564;-449930;-351321;-348564
1634;-348564;-510975;-351574;-348564
1635;-348564;-498575;-350771;-348564
1636;-348564;-429087;-350879;-348564
1637;-348564;-545230;-350548;-348564
1638;-348564;-438760;-350576;-348564
1639;-348564;-500903;-351184;-348564
1640;-348250;-448122;-351073;-348250
1641;-348250;-436098;-350724;-348250
1642;-348250;-441926;-350704;-348250
1643;-348250;-435574;-350390;-348250
1644;-348250;-452671;-350517;-348250
1645;-348155;-480093;-351012;-348155
1646;-348098;-475257;-351927;-348098
1647;-348098;-444759;-351012;-348098
1648;-348098;-475109;-350723;-348098
1649;-347852;-464636;-350449;-347852
1650;-347852;-484445;-350096;-347852
1651;-347852;-433383;-349813;-347852
1652;-347852;-472744;-350406;-347852
1653;-347852;-552660;-350719;-347852
1654;-347824;-452010;-350062;-347824
1655;-347701;-461602;-350984;-347701
1656;-347639;-428202;-349942;-347639
1657;-347639;-438782;-350128;-347639
1658;-347633;-420193;-349885;-347633
1659;-347609;-486191;-350294;-347609
1660;-347447;-456819;-350702;-347447
1661;-347359;-431981;-349684;-347359
1662;-347334;-428154;-349640;-347334
1663;-347334;-466252;-349620;-347334
1664;-347238;-443510;-349481;-347238
1665;-346758;-442681;-349655;-346758
1666;-346758;-422971;-348892;-346758
1667;-346758;-434316;-349082;-346758
1668;-346615;-428011;-349001;-346615
1669;-346088;-476974;-350214;-346088
1670;-345701;-437999;-350689;-345701
1671;-345701;-429955;-348203;-345701
1672;-345701;-451511;-347889;-345701
1673;-345701;-438969;-348277;-345701
1674;-345543;-468248;-348502;-345543
1675;-345543;-446649;-347647;-345543
1676;-345543;-431075;-348559;-345543
1677;-345543;-434408;-348103;-345543
1678;-345543;-488291;-347988;-345543
1679;-345543;-462079;-347854;-345543
1680;-345543;-475727;-348085;-345543
1681;-345543;-457509;-347978;-345543
1682;-345318;-432566;-348031;-345318
1683;-344873;-469910;-349106;-344873
1684;-344873;-494491;-348930;-344873
1685;-344873;-469298;-347607;-344873
1686;-344840;-456803;-347017;-344840
1687;-344145;-450953;-349436;-344145
1688;-344145;-461531;-348917;-344145
1689;-344145;-468796;-346748;-344145
1690;-344145;-448760;-346516;-344145
1691;-343633;-464886;-346440;-343633
1692;-342671;-478044;-348019;-342671
1693;-342671;-476191;-347917;-342671
1694;-342522;-454203;-344981;-342522
1695;-342522;-461004;-344492;-342522
1696;-342180;-459689;-344812;-342180
1697;-341542;-424410;-344574;-341542
1698;-341542;-492787;-344386;-341542
1699;-341518;-419916;-343878;-341518
1700;-341414;-560450;-344994;-341414
1701;-341389;-491642;-344790;-341389
1702;-341389;-467454;-343951;-341389
1703;-341389;-444679;-343290;-341389
1704;-341389;-438153;-343866;-341389
1705;-341389;-514910;-344442;-341389
1706;-341389;-400676;-343077;-341389
1707;-341389;-462263;-343689;-341389
1708;-341389;-485811;-343679;-341389
1709;-341389;-462692;-343858;-341389
1710;-341389;-469196;-343756;-341389
1711;-341389;-452376;-343029;-341389
1712;-341389;-482694;-343659;-341389
1713;-341389;-436143;-343314;-341389
1714;-341389;-445965;-343627;-341389
1715;-341389;-404063;-343447;-341389
1716;-341389;-444685;-343670;-341389
1717;-341389;-433545;-343488;-341389
1718;-341378;-444793;-343830;-341378
1719;-341316;-419099;-343872;-341316
1720;-341089;-497681;-344020;-341089
1721;-340622;-408191;-343438;-340622
1722;-340622;-465763;-343296;-340622
1723;-340622;-427094;-343362;-340622
1724;-340622;-449521;-342465;-340622
1725;-340622;-457620;-343026;-340622
1726;-340622;-456900;-343101;-340622
1727;-340622;-489434;-342908;-340622
1728;-340622;-482340;-343333;-340622
1729;-340622;-466321;-342784;-340622
1730;-340622;-440587;-343272;-340622
1731;-340622;-467691;-342984;-340622
1732;-340622;-430852;-342911;-340622
1733;-340622;-506106;-343887;-340622
1734;-340622;-413216;-342734;-340622
1735;-340622;-441944;-343520;-340622
1736;-340622;-428861;-342966;-340622
1737;-340622;-484107;-342995;-340622
1738;-340526;-408444;-342740;-340526
1739;-340526;-445758;-342993;-340526
1740;-340526;-461864;-342553;-340526
1741;-340526;-487441;-342997;-340526
1742;-340526;-445618;-342721;-340526
1743;-340526;-478746;-342791;-340526
1744;-340526;-414373;-342874;-340526
1745;-340526;-445523;-342960;-340526
1746;-340526;-422409;-342665;-340526
1747;-340526;-481622;-342940;-340526
1748;-340526;-423071;-342820;-340526
1749;-340526;-411864;-342404;-340526
1750;-340526;-475947;-343551;-340526
1751;-340526;-434400;-342762;-340526
1752;-340298;-489542;-342632;-340298
1753;-340074;-446702;-342823;-340074
1754;-338150;-457459;-343253;-338150
1755;-337951;-447126;-341280;-337951
1756;-337951;-423367;-340212;-337951
1757;-337951;-486145;-339960;-337951
1758;-337837;-455720;-340507;-337837
1759;-337837;-473806;-341915;-337837
1760;-337837;-419719;-339903;-337837
1761;-337837;-466175;-340418;-337837
1762;-337837;-444251;-340227;-337837
1763;-337771;-490604;-340664;-337771
1764;-337771;-434800;-341412;-337771
1765;-337771;-447223;-339888;-337771
1766;-337771;-505776;-339748;-337771
1767;-337771;-532619;-340556;-337771
1768;-337771;-434340;-339612;-337771
1769;-337771;-463285;-340200;-337771
1770;-337771;-503254;-340522;-337771
1771;-337771;-415026;-339635;-337771
1772;-337771;-511175;-340217;-337771
1773;-337771;-455545;-340310;-337771
1774;-337771;-490539;-340084;-337771
1775;-337771;-424843;-340222;-337771
1776;-337723;-422331;-340166;-337723
1777;-337709;-436542;-341227;-337709
1778;-337709;-469690;-339919;-337709
1779;-337709;-417744;-339925;-337709
1780;-337709;-419062;-339852;-337709
1781;-337709;-455320;-340078;-337709
1782;-337709;-419146;-339932;-337709
1783;-337709;-558797;-340232;-337709
1784;-337709;-481789;-340599;-337709
1785;-337709;-540421;-340528;-337709
1786;-337709;-458874;-339700;-337709
1787;-337709;-442341;-340161;-337709
1788;-337709;-451463;-340562;-337709
1789;-337709;-459625;-340169;-337709
1790;-337709;-479302;-339422;-337709
1791;-337709;-533135;-340175;-337709
1792;-337709;-512314;-340083;-337709
1793;-337709;-454683;-339778;-337709
1794;-337709;-464214;-340607;-337709
1795;-337709;-485042;-340055;-337709
1796;-337639;-472845;-339824;-337639
1797;-337639;-419470;-341090;-337639
1798;-337639;-419627;-339746;-337639
1799;-337639;-461922;-340842;-337639
1800;-337639;-409443;-340251;-337639
1801;-337639;-427776;-340100;-337639
1802;-337639;-437055;-340253;-337639
1803;-337639;-420826;-339049;-337639
1804;-337639;-430144;-339655;-337639
1805;-337639;-500474;-340847;-337639
1806;-337639;-489287;-340011;-337639
1807;-337639;-463196;-340459;-337639
1808;-337639;-515275;-340327;-337639
1809;-337639;-502380;-339663;-337639
1810;-337639;-475035;-339526;-337639
1811;-337639;-458804;-340132;-337639
1812;-337639;-470013;-339654;-337639
1813;-337639;-440189;-340140;-337639
1814;-337639;-489214;-340523;-337639
1815;-337639;-484158;-340191;-337639
1816;-337639;-481919;-340306;-337639
1817;-337639;-561120;-340543;-337639
1818;-337639;-459501;-340006;-337639
1819;-337639;-453054;-340234;-337639
1820;-337639;-459771;-339990;-337639
1821;-337639;-459047;-340044;-337639
1822;-337639;-476146;-340048;-337639
1823;-337348;-431453;-339806;-337348
1824;-337348;-421637;-340338;-337348
1825;-337348;-478843;-340435;-337348
1826;-337320;-431433;-339632;-337320
1827;-337320;-421949;-340118;-337320
1828;-337320;-465699;-339700;-337320
1829;-337318;-429208;-339218;-337318
1830;-336991;-457300;-341376;-336991
1831;-336991;-471448;-341631;-336991
1832;-336991;-421115;-339616;-336991
1833;-336228;-463331;-339520;-336228
1834;-336228;-468945;-351117;-336228
1835;-336227;-453598;-338795;-336227
1836;-336227;-457380;-338463;-336227
1837;-336227;-435479;-338987;-336227
1838;-336227;-410399;-338409;-336227
1839;-336227;-454984;-338435;-336227
1840;-336227;-510408;-338662;-336227
1841;-336227;-447828;-338561;-336227
1842;-336227;-434527;-338259;-336227
1843;-336227;-467361;-338505;-336227
1844;-336227;-411690;-337972;-336227
1845;-336227;-495981;-338100;-336227
1846;-336227;-425488;-338163;-336227
1847;-336227;-413580;-338739;-336227
1848;-336227;-417898;-338230;-336227
1849;-336227;-451557;-338584;-336227
1850;-336227;-423645;-338369;-336227
1851;-336227;-470726;-339044;-336227
1852;-336227;-531717;-338478;-336227
1853;-336227;-440225;-338315;-336227
1854;-336227;-404390;-338398;-336227
1855;-336227;-413316;-338590;-336227
1856;-336227;-477937;-338796;-336227
1857;-336227;-452873;-338504;-336227
1858;-336227;-433872;-338489;-336227
1859;-336227;-417273;-338549;-336227
1860;-336227;-437888;-338354;-336227
1861;-336227;-449139;-338122;-336227
1862;-336227;-436277;-338953;-336227
1863;-336227;-450407;-338200;-336227
1864;-336227;-475772;-338445;-336227
1865;-336227;-453059;-338205;-336227
1866;-336227;-435498;-338548;-336227
1867;-336227;-449166;-338814;-336227
1868;-336227;-438439;-338382;-336227
1869;-336227;-423128;-338519;-336227
1870;-336227;-447678;-338480;-336227
1871;-336227;-423373;-338361;-336227
1872;-336227;-520781;-338115;-336227
1873;-336227;-444224;-338479;-336227
1874;-336227;-423364;-338380;-336227
1875;-336227;-438296;-338307;-336227
1876;-336227;-458701;-338884;-336227
1877;-336227;-422138;-338738;-336227
1878;-336227;-452690;-338659;-336227
1879;-336227;-490666;-338559;-336227
1880;-336227;-440384;-338323;-336227
1881;-336227;-430689;-338988;-336227
1882;-336227;-475768;-338878;-336227
1883;-336227;-438421;-338590;-336227
1884;-336227;-466621;-338277;-336227
1885;-336227;-426587;-339040;-336227
1886;-336227;-454545;-338853;-336227
1887;-336227;-473405;-338063;-336227
1888;-336227;-473767;-338280;-336227
1889;-336227;-445817;-338777;-336227
1890;-336227;-453781;-338330;-336227
1891;-336227;-442033;-338505;-336227
1892;-336227;-478887;-338610;-336227
1893;-336227;-509048;-338605;-336227
1894;-336227;-428890;-338658;-336227
1895;-336227;-428314;-338657;-336227
1896;-336227;-436476;-338532;-336227
1897;-336227;-416901;-338701;-336227
1898;-336227;-440740;-338217;-336227
1899;-336227;-452681;-338855;-336227
1900;-336227;-485026;-338464;-336227
1901;-336227;-428281;-338761;-336227
1902;-336227;-486431;-339195;-336227
1903;-335748;-456332;-338664;-335748
1904;-335479;-429002;-339171;-335479
1905;-335479;-470453;-337960;-335479
1906;-335479;-470454;-338067;-335479
1907;-335479;-453593;-338223;-335479
1908;-335479;-424635;-337945;-335479
1909;-335479;-448390;-337869;-335479
1910;-335479;-514616;-337691;-335479
1911;-335479;-426583;-337327;-335479
1912;-335479;-429274;-337532;-335479
1913;-335479;-508916;-337926;-335479
1914;-335479;-464289;-338633;-335479
1915;-335479;-479181;-337919;-335479
1916;-335479;-456264;-338057;-335479
1917;-335479;-530558;-337653;-335479
1918;-335479;-467853;-337759;-335479
1919;-335479;-424250;-337646;-335479
1920;-335479;-427813;-337606;-335479
1921;-335479;-485176;-337770;-335479
1922;-335479;-420760;-337768;-335479
1923;-335359;-388628;-337463;-335359
1924;-334945;-417353;-340159;-334945
1925;-334890;-420392;-339539;-334890
1926;-334890;-465104;-337428;-334890
1927;-334890;-479748;-337427;-334890
1928;-334890;-428921;-337096;-334890
1929;-334890;-432174;-336671;-334890
1930;-334890;-460515;-337271;-334890
1931;-334890;-441294;-337377;-334890
1932;-334890;-449399;-337415;-334890
1933;-334890;-462751;-337126;-334890
1934;-334890;-458505;-337344;-334890
1935;-334890;-414783;-336825;-334890
1936;-334890;-529968;-337672;-334890
1937;-334890;-414768;-337259;-334890
1938;-334890;-429952;-336968;-334890
1939;-334890;-436516;-336950;-334890
1940;-334890;-540873;-337491;-334890
1941;-334890;-425991;-336930;-334890
1942;-334890;-409171;-337281;-334890
1943;-334890;-495897;-337268;-334890
1944;-334890;-488630;-336975;-334890
1945;-334890;-406275;-337585;-334890
1946;-334885;-456663;-337031;-334885
1947;-334885;-424828;-338465;-334885
1948;-334885;-545202;-337649;-334885
1949;-334885;-536297;-337537;-334885
1950;-334885;-438896;-337381;-334885
1951;-334885;-457350;-337195;-334885
1952;-334885;-439706;-337126;-334885
1953;-334885;-487717;-337470;-334885
1954;-334840;-469699;-337014;-334840
1955;-334259;-420662;-337954;-334259
1956;-334259;-412905;-338057;-334259
1957;-334259;-422006;-336133;-334259
1958;-334259;-406656;-336560;-334259
1959;-334259;-418628;-336336;-334259
1960;-334259;-437532;-337120;-334259
1961;-334259;-450489;-336667;-334259
1962;-334259;-414886;-335781;-334259
1963;-333937;-569574;-336505;-333937
1964;-333937;-415621;-336638;-333937
1965;-333937;-422229;-336444;-333937
1966;-333937;-493667;-336983;-333937
1967;-333937;-416631;-335531;-333937
1968;-333937;-448684;-335924;-333937
1969;-333937;-476336;-336006;-333937
1970;-333937;-392299;-336157;-333937
1971;-333937;-435025;-336392;-333937
1972;-333937;-442071;-336106;-333937
1973;-333937;-510524;-336773;-333937
1974;-333813;-461187;-336574;-333813
1975;-333577;-487639;-337759;-333577
1976;-333483;-520020;-338034;-333483
1977;-333483;-433808;-335731;-333483
1978;-333483;-416948;-335898;-333483
1979;-333483;-439061;-336297;-333483
1980;-333483;-492402;-336041;-333483
1981;-333483;-448308;-335952;-333483
1982;-333432;-446891;-336202;-333432
1983;-333432;-438561;-337229;-333432
1984;-333406;-451255;-336434;-333406
1985;-333383;-468245;-335187;-333383
1986;-333357;-461930;-336032;-333357
1987;-333357;-451195;-335066;-333357
1988;-333357;-477111;-336184;-333357
1989;-333357;-453550;-335680;-333357
1990;-333357;-417477;-335842;-333357
1991;-333357;-438806;-335765;-333357
1992;-333357;-494105;-336380;-333357
1993;-333357;-462293;-335471;-333357
1994;-333223;-422479;-335716;-333223
1995;-333223;-441796;-335377;-333223
1996;-333223;-421678;-335824;-333223
1997;-333223;-462965;-335226;-333223
1998;-333223;-459416;-335557;-333223
1999;-333223;-427083;-335754;-333223
2000;-333223;-512290;-336033;-333223
2001;-333187;-478050;-335318;-333187
2002;-330947;-439087;-336133;-330947
2003;-330947;-439323;-334991;-330947
2004;-330947;-464341;-333459;-330947
2005;-330947;-426109;-333011;-330947
2006;-330947;-460323;-333492;-330947
2007;-330947;-449215;-333431;-330947
2008;-330947;-426722;-333456;-330947
2009;-330947;-407118;-333248;-330947
2010;-330947;-482522;-334057;-330947
2011;-330947;-450920;-333570;-330947
2012;-330947;-453743;-333291;-330947
2013;-330947;-474955;-333679;-330947
2014;-330947;-417920;-333455;-330947
2015;-330947;-411730;-333047;-330947
2016;-330947;-419255;-333013;-330947
2017;-330947;-412672;-332951;-330947
2018;-330947;-444404;-333116;-330947
2019;-330947;-465551;-333012;-330947
2020;-330947;-493432;-333565;-330947
2021;-330947;-424395;-333013;-330947
2022;-330947;-447770;-333858;-330947
2023;-330947;-452712;-333759;-330947
2024;-330947;-414152;-333024;-330947
2025;-330947;-404364;-332947;-330947
2026;-330947;-563709;-333503;-330947
2027;-330947;-462377;-333474;-330947
2028;-330650;-443045;-333305;-330650
2029;-330650;-481943;-333300;-330650
2030;-330650;-451014;-332982;-330650
2031;-330650;-493126;-333261;-330650
2032;-330650;-452216;-333183;-330650
2033;-330650;-409229;-332905;-330650
2034;-330650;-475056;-332978;-330650
2035;-330650;-443414;-332854;-330650
2036;-330650;-458154;-332896;-330650
2037;-330650;-460966;-333574;-330650
2038;-330650;-419621;-333243;-330650
2039;-330650;-481795;-332749;-330650
2040;-330650;-480563;-332830;-330650
2041;-330650;-525572;-333356;-330650
2042;-330650;-432754;-333275;-330650
2043;-330650;-480139;-332779;-330650
2044;-330650;-442391;-332738;-330650
2045;-330650;-469226;-333098;-330650
2046;-330650;-429807;-333213;-330650
2047;-330650;-497695;-333148;-330650
2048;-330650;-424068;-333193;-330650
2049;-330650;-417418;-332873;-330650
2050;-330552;-514389;-333047;-330552
2051;-330552;-430396;-334049;-330552
2052;-330552;-445870;-333154;-330552
2053;-330552;-460383;-333036;-330552
2054;-330552;-409408;-332736;-330552
2055;-330552;-393187;-332740;-330552
2056;-330552;-418524;-332897;-330552
2057;-330552;-565696;-332787;-330552
2058;-330552;-474769;-332400;-330552
2059;-330552;-534511;-332976;-330552
2060;-330552;-450497;-332820;-330552
2061;-330552;-449851;-332884;-330552
2062;-330552;-407102;-332342;-330552
2063;-330552;-499552;-333132;-330552
2064;-330552;-467574;-333211;-330552
2065;-330552;-472406;-333204;-330552
2066;-330552;-416648;-332500;-330552
2067;-330552;-488470;-333818;-330552
2068;-330552;-456028;-332591;-330552
2069;-330552;-408250;-332662;-330552
2070;-330552;-420819;-332449;-330552
2071;-330552;-386940;-332690;-330552
2072;-330552;-476027;-332799;-330552
2073;-330508;-410319;-332534;-330508
2074;-330508;-482603;-332845;-330508
2075;-330508;-468601;-332816;-330508
2076;-330508;-439349;-332686;-330508
2077;-330508;-473079;-332407;-330508
2078;-330508;-421770;-332975;-330508
2079;-330508;-444893;-332877;-330508
2080;-330508;-423077;-332908;-330508
2081;-330261;-464812;-333234;-330261
2082;-330052;-468530;-334012;-330052
2083;-330052;-412591;-334610;-330052
2084;-330052;-431722;-331982;-330052
2085;-330029;-451662;-331960;-330029
2086;-330029;-423058;-332383;-330029
2087;-330029;-441055;-332703;-330029
2088;-330029;-417481;-332546;-330029
2089;-330029;-435579;-332883;-330029
2090;-330029;-482878;-332794;-330029
2091;-330029;-487941;-333008;-330029
2092;-330029;-462613;-332886;-330029
2093;-330029;-424755;-332760;-330029
2094;-330029;-416597;-332434;-330029
2095;-330029;-502085;-332322;-330029
2096;-330029;-411686;-332060;-330029
2097;-330029;-415497;-332153;-330029
2098;-330002;-403141;-332276;-330002
2099;-330002;-481148;-332176;-330002
2100;-330002;-407410;-331835;-330002
2101;-330002;-445107;-332390;-330002
2102;-330002;-407455;-332204;-330002
2103;-330002;-460642;-332491;-330002
2104;-330002;-427329;-332240;-330002
2105;-329960;-442697;-332075;-329960
2106;-328954;-440532;-333444;-328954
2107;-328822;-449684;-332556;-328822
2108;-328822;-430426;-331613;-328822
2109;-328822;-432607;-331227;-328822
2110;-328822;-455986;-331063;-328822
2111;-328822;-429598;-331533;-328822
2112;-328822;-435062;-331358;-328822
2113;-328822;-522686;-331471;-328822
2114;-328822;-432617;-331076;-328822
2115;-328822;-455672;-331176;-328822
2116;-328822;-448666;-330653;-328822
2117;-328822;-446824;-330991;-328822
2118;-328822;-425373;-330811;-328822
2119;-328822;-397215;-330942;-328822
2120;-328822;-440448;-331818;-328822
2121;-328477;-415338;-331134;-328477
2122;-327789;-444292;-332150;-327789
2123;-327789;-421894;-330392;-327789
2124;-327719;-436442;-329976;-327719
2125;-327719;-528817;-330808;-327719
2126;-327719;-410362;-329748;-327719
2127;-327719;-471910;-330148;-327719
2128;-327719;-451902;-329528;-327719
2129;-327719;-527883;-330356;-327719
2130;-327717;-513500;-329849;-327717
2131;-327693;-505044;-330219;-327693
2132;-327693;-444091;-330407;-327693
2133;-327693;-433628